,class,score,x1,y1,x2,y2,frame_num,imdb_id,pct_of_frame,instance_num,instance_id,frame_id
0,chair,0.57286555,132,307,368,354,314,54481,0.0636593204775022,0,54481_314_0,54481_314
1,airplane,0.6572185,443,148,467,172,785,54481,0.0033057851239669,0,54481_785_0,54481_785
2,person,0.9711831,98,21,390,348,1099,54481,0.5480027548209366,0,54481_1099_0,54481_1099
3,person,0.8888235000000001,98,6,400,350,1256,54481,0.5962350780532599,1,54481_1256_1,54481_1256
4,person,0.85093063,159,8,345,320,1256,54481,0.3330578512396694,0,54481_1256_0,54481_1256
5,person,0.93987846,134,0,432,348,1413,54481,0.5951790633608816,2,54481_1413_2,54481_1413
6,person,0.7104685000000001,95,203,451,356,1413,54481,0.312603305785124,0,54481_1413_0,54481_1413
7,person,0.68155414,227,0,398,342,1413,54481,0.3356404958677686,1,54481_1413_1,54481_1413
8,person,0.7672984,216,4,365,359,1570,54481,0.3035755280073461,0,54481_1570_0,54481_1570
9,person,0.8243777,187,54,383,351,1727,54481,0.3340909090909091,0,54481_1727_0,54481_1727
10,person,0.5546281,80,2,406,348,1727,54481,0.6473599632690542,1,54481_1727_1,54481_1727
11,person,0.8762319,148,0,385,360,1884,54481,0.4896694214876033,0,54481_1884_0,54481_1884
12,person,0.6629523,156,30,328,341,2041,54481,0.3070018365472911,1,54481_2041_1,54481_2041
13,person,0.525171,200,39,327,188,2041,54481,0.1086030762167126,0,54481_2041_0,54481_2041
14,person,0.9317911,148,19,347,349,2198,54481,0.3768939393939394,0,54481_2198_0,54481_2198
15,person,0.89473075,193,70,290,246,2355,54481,0.097979797979798,0,54481_2355_0,54481_2355
16,person,0.93768793,170,64,317,289,2512,54481,0.1898243801652892,0,54481_2512_0,54481_2512
17,person,0.9605542,158,32,333,350,2826,54481,0.3193870523415978,0,54481_2826_0,54481_2826
18,person,0.5010880999999999,173,11,414,347,2826,54481,0.4647382920110193,1,54481_2826_1,54481_2826
19,person,0.98202443,138,0,349,356,2983,54481,0.4311065197428834,0,54481_2983_0,54481_2983
20,person,0.9733277,171,0,347,356,3140,54481,0.3595959595959596,0,54481_3140_0,54481_3140
21,person,0.9786471,190,51,361,350,3297,54481,0.2934400826446281,1,54481_3297_1,54481_3297
22,tie,0.68209565,255,161,293,331,3297,54481,0.0370752984389348,0,54481_3297_0,54481_3297
23,person,0.98711675,156,38,364,357,3454,54481,0.3808080808080808,0,54481_3454_0,54481_3454
24,person,0.9934642,55,25,422,360,3611,54481,0.7056072084481175,1,54481_3611_1,54481_3611
25,tie,0.54018444,272,215,323,332,3611,54481,0.034245867768595,0,54481_3611_0,54481_3611
26,person,0.9960433,22,29,476,357,3768,54481,0.8546372819100092,0,54481_3768_0,54481_3768
27,person,0.99044305,76,70,340,360,3925,54481,0.4393939393939394,0,54481_3925_0,54481_3925
28,person,0.9968533000000002,109,32,339,358,4082,54481,0.430325987144169,0,54481_4082_0,54481_4082
29,person,0.99816436,167,24,404,351,4239,54481,0.4447830578512397,0,54481_4239_0,54481_4239
30,person,0.9983816,102,35,390,360,4396,54481,0.5371900826446281,0,54481_4396_0,54481_4396
31,person,0.9974177,79,0,435,360,4553,54481,0.7355371900826446,0,54481_4553_0,54481_4553
32,person,0.9966595,25,1,414,360,4710,54481,0.8014864554637282,0,54481_4710_0,54481_4710
33,person,0.9967278,38,40,390,360,4867,54481,0.6464646464646465,0,54481_4867_0,54481_4867
34,skateboard,0.6119225,250,157,376,179,5024,54481,0.0159090909090909,0,54481_5024_0,54481_5024
35,person,0.93534386,150,48,284,228,5181,54481,0.1384297520661157,1,54481_5181_1,54481_5181
36,handbag,0.6646477,206,126,284,227,5181,54481,0.0452134986225895,0,54481_5181_0,54481_5181
37,person,0.57303315,119,38,375,282,5181,54481,0.358494031221304,2,54481_5181_2,54481_5181
38,person,0.9519124,70,118,412,360,5338,54481,0.475,0,54481_5338_0,54481_5338
39,person,0.9936893,167,22,347,360,5495,54481,0.3491735537190083,0,54481_5495_0,54481_5495
40,person,0.96913254,277,44,451,351,5652,54481,0.3065771349862259,0,54481_5652_0,54481_5652
41,person,0.9464686,220,80,317,222,5809,54481,0.0790518824609733,0,54481_5809_0,54481_5809
42,person,0.84243965,243,73,406,330,5966,54481,0.2404212580348944,0,54481_5966_0,54481_5966
43,bird,0.6001147,6,110,353,360,5966,54481,0.497876492194674,1,54481_5966_1,54481_5966
44,person,0.95904034,144,28,440,348,6123,54481,0.5436179981634527,0,54481_6123_0,54481_6123
45,person,0.9544936,130,51,402,357,6280,54481,0.4776859504132232,0,54481_6280_0,54481_6280
46,person,0.5129954000000001,46,39,323,355,6280,54481,0.5023645546372819,1,54481_6280_1,54481_6280
47,person,0.8643754000000001,81,129,156,313,6437,54481,0.0792011019283746,0,54481_6437_0,54481_6437
48,potted plant,0.543157,283,56,389,189,6437,54481,0.0809113865932047,1,54481_6437_1,54481_6437
49,person,0.9762221,226,200,289,330,6594,54481,0.0470041322314049,0,54481_6594_0,54481_6594
50,person,0.7524097,40,167,139,357,6594,54481,0.1079545454545454,1,54481_6594_1,54481_6594
51,person,0.9764174,233,161,313,343,6751,54481,0.0835629017447199,0,54481_6751_0,54481_6751
52,person,0.99364847,142,107,304,350,6908,54481,0.2259297520661157,0,54481_6908_0,54481_6908
53,person,0.9928088,56,49,264,355,7065,54481,0.3652892561983471,0,54481_7065_0,54481_7065
54,person,0.97076315,303,105,417,357,7222,54481,0.1648760330578512,0,54481_7222_0,54481_7222
55,person,0.95918524,294,153,405,307,7379,54481,0.0981060606060606,0,54481_7379_0,54481_7379
56,person,0.94650215,300,129,402,300,7536,54481,0.1001033057851239,0,54481_7536_0,54481_7536
57,person,0.97523016,112,97,466,360,7693,54481,0.534331955922865,0,54481_7693_0,54481_7693
58,person,0.9943263,128,38,447,357,7850,54481,0.5840277777777778,0,54481_7850_0,54481_7850
59,person,0.9782387,273,127,462,350,8007,54481,0.2418904958677686,1,54481_8007_1,54481_8007
60,person,0.7922934,127,66,235,214,8007,54481,0.0917355371900826,0,54481_8007_0,54481_8007
61,person,0.9938387,135,28,438,360,8164,54481,0.5773415977961432,0,54481_8164_0,54481_8164
62,person,0.89753884,139,92,381,353,8321,54481,0.3625,0,54481_8321_0,54481_8321
63,person,0.61158127,120,24,440,352,8321,54481,0.6023875114784206,1,54481_8321_1,54481_8321
64,person,0.9436708,136,93,334,347,8478,54481,0.2886363636363636,1,54481_8478_1,54481_8478
65,person,0.84711045,128,29,420,350,8478,54481,0.5379476584022038,2,54481_8478_2,54481_8478
66,person,0.51387906,150,114,299,270,8478,54481,0.1334022038567493,0,54481_8478_0,54481_8478
67,person,0.9384343,138,84,323,348,8635,54481,0.2803030303030303,0,54481_8635_0,54481_8635
68,person,0.67800415,104,26,360,354,8635,54481,0.4819100091827365,1,54481_8635_1,54481_8635
69,person,0.9902372,65,16,405,342,8792,54481,0.6361340679522498,0,54481_8792_0,54481_8792
70,person,0.9931799,120,45,418,360,8949,54481,0.5387396694214877,0,54481_8949_0,54481_8949
71,person,0.99419034,98,42,410,359,9106,54481,0.5676308539944903,0,54481_9106_0,54481_9106
72,person,0.99581283,117,61,423,360,9263,54481,0.5251033057851239,0,54481_9263_0,54481_9263
73,person,0.9957949,102,32,413,360,9420,54481,0.58544536271809,0,54481_9420_0,54481_9420
74,person,0.897158,136,78,307,350,9577,54481,0.2669421487603305,0,54481_9577_0,54481_9577
75,person,0.5092598,48,25,332,352,9577,54481,0.5329889807162534,1,54481_9577_1,54481_9577
76,person,0.98431325,98,42,425,354,9734,54481,0.5855371900826446,0,54481_9734_0,54481_9734
77,person,0.96606934,129,98,311,356,9891,54481,0.2694903581267218,0,54481_9891_0,54481_9891
78,person,0.9948185,263,140,460,355,10048,54481,0.2430842516069789,1,54481_10048_1,54481_10048
79,person,0.8912464,131,78,223,215,10048,54481,0.0723370064279155,0,54481_10048_0,54481_10048
80,person,0.9737888,3,32,208,356,10205,54481,0.381198347107438,0,54481_10205_0,54481_10205
81,person,0.9794037,3,31,188,349,10362,54481,0.337637741046832,0,54481_10362_0,54481_10362
82,person,0.9761555,0,39,229,353,10519,54481,0.4126836547291093,0,54481_10519_0,54481_10519
83,person,0.82692873,126,97,307,360,10676,54481,0.2732036271808999,0,54481_10676_0,54481_10676
84,person,0.7108992,35,57,355,356,10676,54481,0.549127640036731,1,54481_10676_1,54481_10676
85,person,0.9918888,41,63,354,353,10833,54481,0.5209481175390266,0,54481_10833_0,54481_10833
86,person,0.9736656,146,93,331,352,10990,54481,0.2749942607897153,1,54481_10990_1,54481_10990
87,handbag,0.5135974,154,226,336,360,10990,54481,0.1399678604224059,0,54481_10990_0,54481_10990
88,person,0.5082068000000001,99,157,123,239,11147,54481,0.0112947658402203,0,54481_11147_0,54481_11147
89,fire hydrant,0.7018267,282,178,327,274,11304,54481,0.024793388429752,1,54481_11304_1,54481_11304
90,potted plant,0.51174134,231,142,282,202,11304,54481,0.0175619834710743,0,54481_11304_0,54481_11304
91,person,0.9695098,227,27,456,358,11461,54481,0.4350264003673094,2,54481_11461_2,54481_11461
92,person,0.9615536,17,81,187,348,11461,54481,0.2605027548209366,1,54481_11461_1,54481_11461
93,potted plant,0.5952312,128,101,300,348,11461,54481,0.2438246097337006,0,54481_11461_0,54481_11461
94,person,0.97902876,261,56,450,353,11618,54481,0.3221590909090909,1,54481_11618_1,54481_11618
95,person,0.9615429,45,72,255,349,11618,54481,0.3338498622589532,2,54481_11618_2,54481_11618
96,potted plant,0.645385,171,117,313,283,11618,54481,0.1352846648301194,0,54481_11618_0,54481_11618
97,person,0.97693187,291,60,473,350,11775,54481,0.3029155188246097,1,54481_11775_1,54481_11775
98,person,0.9644721,23,70,234,348,11775,54481,0.3366505968778696,2,54481_11775_2,54481_11775
99,person,0.5764024,76,66,321,352,11775,54481,0.4021464646464646,3,54481_11775_3,54481_11775
100,potted plant,0.55600977,184,110,328,278,11775,54481,0.1388429752066115,0,54481_11775_0,54481_11775
101,person,0.93236387,204,58,474,354,11932,54481,0.4586776859504133,1,54481_11932_1,54481_11932
102,person,0.80496687,300,38,483,360,11932,54481,0.3381887052341598,0,54481_11932_0,54481_11932
103,umbrella,0.6388614,20,0,396,360,11932,54481,0.7768595041322314,2,54481_11932_2,54481_11932
104,person,0.98544043,140,9,452,360,12089,54481,0.6285123966942149,0,54481_12089_0,54481_12089
105,person,0.98365396,87,14,350,360,12246,54481,0.5222566574839302,1,54481_12246_1,54481_12246
106,person,0.7855146,191,0,467,345,12246,54481,0.5464876033057852,2,54481_12246_2,54481_12246
107,person,0.5572085,335,228,415,358,12246,54481,0.0596877869605142,0,54481_12246_0,54481_12246
108,person,0.9781277,344,91,481,350,12403,54481,0.2036443985307621,1,54481_12403_1,54481_12403
109,person,0.92213434,92,92,335,330,12403,54481,0.3319214876033058,3,54481_12403_3,54481_12403
110,person,0.8865251000000001,0,79,123,318,12403,54481,0.168715564738292,0,54481_12403_0,54481_12403
111,person,0.51696515,192,112,412,360,12403,54481,0.3131313131313131,2,54481_12403_2,54481_12403
112,person,0.9742036,338,112,483,358,12560,54481,0.2047176308539945,1,54481_12560_1,54481_12560
113,person,0.8861604999999999,0,15,122,347,12560,54481,0.2324609733700643,2,54481_12560_2,54481_12560
114,person,0.85794324,85,66,244,338,12560,54481,0.2482093663911845,3,54481_12560_3,54481_12560
115,potted plant,0.8210171999999999,167,101,373,343,12560,54481,0.2861111111111111,4,54481_12560_4,54481_12560
116,person,0.758154,18,34,186,354,12560,54481,0.3085399449035813,5,54481_12560_5,54481_12560
117,person,0.6223628999999999,2,4,78,333,12560,54481,0.1435032139577594,0,54481_12560_0,54481_12560
118,person,0.8817985,346,236,414,360,12717,54481,0.0483930211202938,1,54481_12717_1,54481_12717
119,person,0.58529586,83,83,118,197,12717,54481,0.0228994490358126,0,54481_12717_0,54481_12717
120,person,0.5555766,184,125,250,291,12717,54481,0.0628787878787878,2,54481_12717_2,54481_12717
121,person,0.98307586,329,69,483,354,12874,54481,0.2518939393939394,2,54481_12874_2,54481_12874
122,person,0.9295259,0,55,128,357,12874,54481,0.2218549127640036,1,54481_12874_1,54481_12874
123,person,0.68380713,67,66,201,326,12874,54481,0.1999540863177226,0,54481_12874_0,54481_12874
124,potted plant,0.6199176,165,95,369,353,12874,54481,0.3020661157024793,3,54481_12874_3,54481_12874
125,person,0.53671414,211,58,433,355,12874,54481,0.3784090909090909,4,54481_12874_4,54481_12874
126,person,0.9791241,329,66,481,357,13031,54481,0.2538567493112948,2,54481_13031_2,54481_13031
127,person,0.89874005,28,68,192,343,13031,54481,0.2588383838383838,3,54481_13031_3,54481_13031
128,person,0.78942966,0,64,144,340,13031,54481,0.228099173553719,1,54481_13031_1,54481_13031
129,potted plant,0.73276156,171,99,363,341,13031,54481,0.2666666666666666,4,54481_13031_4,54481_13031
130,person,0.6871848,58,66,158,250,13031,54481,0.1056014692378328,0,54481_13031_0,54481_13031
131,person,0.9802955,243,37,481,348,13188,54481,0.4248048668503213,0,54481_13188_0,54481_13188
132,person,0.9782171,296,109,482,351,13345,54481,0.2583333333333333,1,54481_13345_1,54481_13345
133,person,0.97379804,23,63,161,350,13345,54481,0.2273071625344352,0,54481_13345_0,54481_13345
134,potted plant,0.8951049000000001,131,98,318,360,13345,54481,0.2811868686868687,2,54481_13345_2,54481_13345
135,person,0.9723049,120,6,484,360,13502,54481,0.7395316804407713,0,54481_13502_0,54481_13502
136,person,0.9809667,89,19,444,357,13659,54481,0.6886478420569331,0,54481_13659_0,54481_13659
137,person,0.98249835,93,25,435,357,13816,54481,0.6516528925619834,2,54481_13816_2,54481_13816
138,person,0.95823514,402,0,481,336,13816,54481,0.1523415977961432,1,54481_13816_1,54481_13816
139,person,0.93273044,0,146,126,354,13816,54481,0.1504132231404958,0,54481_13816_0,54481_13816
140,person,0.9810448,305,97,481,353,13973,54481,0.2585858585858586,4,54481_13973_4,54481_13973
141,person,0.9189295,9,81,123,353,13973,54481,0.177961432506887,1,54481_13973_1,54481_13973
142,person,0.8337824,50,74,191,344,13973,54481,0.2184917355371901,2,54481_13973_2,54481_13973
143,potted plant,0.7463770000000001,156,104,324,360,13973,54481,0.246831955922865,3,54481_13973_3,54481_13973
144,person,0.59927756,73,153,193,337,13973,54481,0.1267217630853994,0,54481_13973_0,54481_13973
145,person,0.984098,78,45,359,357,14130,54481,0.503168044077135,1,54481_14130_1,54481_14130
146,person,0.96147394,379,199,455,356,14130,54481,0.0684802571166207,0,54481_14130_0,54481_14130
147,person,0.6461658,127,8,450,348,14130,54481,0.6302800734618916,2,54481_14130_2,54481_14130
148,person,0.94753873,97,25,446,359,14287,54481,0.6689967860422406,2,54481_14287_2,54481_14287
149,person,0.65350187,85,122,343,344,14287,54481,0.3287190082644628,0,54481_14287_0,54481_14287
150,person,0.5276319,151,12,352,359,14287,54481,0.4002926997245179,1,54481_14287_1,54481_14287
151,person,0.8508806999999999,364,139,446,273,14444,54481,0.0630624426078971,2,54481_14444_2,54481_14444
152,person,0.7899282,39,30,192,307,14444,54481,0.2432334710743801,4,54481_14444_4,54481_14444
153,person,0.5991985,206,185,270,289,14444,54481,0.0382001836547291,1,54481_14444_1,54481_14444
154,person,0.55222106,214,111,294,252,14444,54481,0.0647382920110192,3,54481_14444_3,54481_14444
155,wine glass,0.5047825,334,214,369,279,14444,54481,0.0130567033976124,0,54481_14444_0,54481_14444
156,person,0.99036473,126,17,431,355,14601,54481,0.5916551882460973,3,54481_14601_3,54481_14601
157,person,0.923627,60,213,152,354,14601,54481,0.0744490358126721,1,54481_14601_1,54481_14601
158,vase,0.79981875,10,275,47,357,14601,54481,0.017412764003673,0,54481_14601_0,54481_14601
159,potted plant,0.5329761,0,177,88,349,14601,54481,0.0868686868686868,2,54481_14601_2,54481_14601
160,person,0.91531444,40,34,150,316,14758,54481,0.178030303030303,5,54481_14758_5,54481_14758
161,person,0.83073175,129,122,194,295,14758,54481,0.064537419651056,3,54481_14758_3,54481_14758
162,person,0.7780431,205,99,286,285,14758,54481,0.0864669421487603,4,54481_14758_4,54481_14758
163,person,0.7630927,384,119,459,268,14758,54481,0.0641356749311294,2,54481_14758_2,54481_14758
164,bottle,0.6160713000000001,319,209,386,358,14758,54481,0.057294536271809,1,54481_14758_1,54481_14758
165,person,0.5848845,291,125,337,253,14758,54481,0.0337924701561065,0,54481_14758_0,54481_14758
166,person,0.95507336,41,50,227,343,14915,54481,0.3127754820936639,5,54481_14915_5,54481_14915
167,person,0.9112324,314,77,428,264,14915,54481,0.1223484848484848,3,54481_14915_3,54481_14915
168,person,0.8348296000000001,151,1,217,180,14915,54481,0.0678030303030303,1,54481_14915_1,54481_14915
169,person,0.67927194,279,82,427,328,14915,54481,0.2089531680440771,4,54481_14915_4,54481_14915
170,person,0.6657922,58,1,134,111,14915,54481,0.0479797979797979,0,54481_14915_0,54481_14915
171,person,0.5188735,31,70,93,321,14915,54481,0.089313590449954,2,54481_14915_2,54481_14915
172,person,0.919709,32,53,146,346,15072,54481,0.1917011019283746,2,54481_15072_2,54481_15072
173,person,0.6720291,299,184,425,335,15072,54481,0.109194214876033,1,54481_15072_1,54481_15072
174,person,0.6262807,91,75,166,284,15072,54481,0.0899621212121212,0,54481_15072_0,54481_15072
175,person,0.9716025,227,52,455,347,15229,54481,0.3860192837465565,3,54481_15229_3,54481_15229
176,person,0.9336825,58,86,247,341,15229,54481,0.2766012396694214,2,54481_15229_2,54481_15229
177,person,0.77928716,187,52,258,289,15229,54481,0.0965736914600551,0,54481_15229_0,54481_15229
178,person,0.7277625,3,91,82,342,15229,54481,0.1138028007346189,1,54481_15229_1,54481_15229
179,person,0.9831645,243,101,450,360,15386,54481,0.3076962809917355,3,54481_15386_3,54481_15386
180,person,0.9448832,164,83,257,360,15386,54481,0.1478477961432507,2,54481_15386_2,54481_15386
181,person,0.8037844,2,104,57,301,15386,54481,0.0621843434343434,0,54481_15386_0,54481_15386
182,potted plant,0.568162,230,95,330,292,15386,54481,0.1130624426078971,1,54481_15386_1,54481_15386
183,person,0.98662925,9,33,171,358,15543,54481,0.3021694214876033,2,54481_15543_2,54481_15543
184,person,0.95203835,235,103,456,360,15543,54481,0.3259699265381084,3,54481_15543_3,54481_15543
185,potted plant,0.86676025,237,93,337,244,15543,54481,0.0866620752984389,0,54481_15543_0,54481_15543
186,person,0.8417094,170,91,273,348,15543,54481,0.1519226354453627,1,54481_15543_1,54481_15543
187,person,0.98777336,85,38,289,351,15700,54481,0.3664600550964187,2,54481_15700_2,54481_15700
188,potted plant,0.7987482,399,207,479,358,15700,54481,0.0693296602387511,0,54481_15700_0,54481_15700
189,person,0.5236929,2,11,88,351,15700,54481,0.1678145087235996,1,54481_15700_1,54481_15700
190,person,0.97460383,189,49,378,351,15857,54481,0.3275826446280992,1,54481_15857_1,54481_15857
191,person,0.95557195,70,29,237,354,15857,54481,0.3114956382001837,0,54481_15857_0,54481_15857
192,person,0.9740053,81,87,165,348,16014,54481,0.1258264462809917,1,54481_16014_1,54481_16014
193,person,0.9627778,175,75,315,340,16014,54481,0.2129247015610652,4,54481_16014_4,54481_16014
194,person,0.8194846,347,107,479,322,16014,54481,0.1628787878787878,2,54481_16014_2,54481_16014
195,person,0.7737251,5,14,103,357,16014,54481,0.1929178145087236,3,54481_16014_3,54481_16014
196,person,0.57943726,6,3,60,158,16014,54481,0.0480371900826446,0,54481_16014_0,54481_16014
197,person,0.98447,0,44,150,351,16171,54481,0.2642906336088154,0,54481_16171_0,54481_16171
198,person,0.98351234,294,96,475,354,16171,54481,0.2680096418732782,1,54481_16171_1,54481_16171
199,person,0.97951984,0,62,147,352,16328,54481,0.2446625344352617,0,54481_16328_0,54481_16328
200,person,0.96050006,254,90,483,358,16328,54481,0.3522268135904499,2,54481_16328_2,54481_16328
201,potted plant,0.52330786,124,65,307,328,16328,54481,0.2762224517906336,1,54481_16328_1,54481_16328
202,person,0.94296765,0,48,135,352,16485,54481,0.2355371900826446,0,54481_16485_0,54481_16485
203,person,0.89294845,216,137,483,352,16485,54481,0.3294593663911845,1,54481_16485_1,54481_16485
204,person,0.6506516999999999,11,65,217,360,16485,54481,0.3487718089990817,2,54481_16485_2,54481_16485
205,person,0.97635263,35,93,118,356,16642,54481,0.1252812213039486,2,54481_16642_2,54481_16642
206,person,0.94492453,308,127,461,346,16642,54481,0.1923037190082644,4,54481_16642_4,54481_16642
207,person,0.7146296999999999,107,67,224,345,16642,54481,0.1866735537190082,3,54481_16642_3,54481_16642
208,person,0.6473585000000001,53,71,180,349,16642,54481,0.2026285583103765,5,54481_16642_5,54481_16642
209,wine glass,0.62535626,101,234,148,353,16642,54481,0.0320994031221303,0,54481_16642_0,54481_16642
210,person,0.60604936,318,125,416,262,16642,54481,0.07705463728191,1,54481_16642_1,54481_16642
211,person,0.97419083,191,61,418,355,16799,54481,0.3830234159779614,0,54481_16799_0,54481_16799
212,person,0.976842,158,52,430,359,16956,54481,0.479247015610652,2,54481_16956_2,54481_16956
213,backpack,0.68192625,68,218,197,357,16956,54481,0.102909779614325,0,54481_16956_0,54481_16956
214,couch,0.5260638000000001,36,185,484,357,16956,54481,0.4422405876951331,1,54481_16956_1,54481_16956
215,person,0.9767953,173,33,422,357,17113,54481,0.4630165289256198,0,54481_17113_0,54481_17113
216,person,0.99047816,9,70,345,359,17270,54481,0.5573002754820937,0,54481_17270_0,54481_17270
217,person,0.99311996,197,57,380,358,17584,54481,0.3161329201101928,0,54481_17584_0,54481_17584
218,person,0.98912257,308,32,460,354,17741,54481,0.2808999081726354,0,54481_17741_0,54481_17741
219,potted plant,0.65008956,5,175,378,360,17741,54481,0.3960342056932966,1,54481_17741_1,54481_17741
220,person,0.9949975,221,34,390,354,17898,54481,0.310376492194674,0,54481_17898_0,54481_17898
221,person,0.99469537,3,20,203,360,17898,54481,0.3902662993572085,1,54481_17898_1,54481_17898
222,person,0.98697144,84,35,257,360,18055,54481,0.3226870982552801,1,54481_18055_1,54481_18055
223,person,0.9783956,231,48,364,349,18055,54481,0.2297578053259872,0,54481_18055_0,54481_18055
224,person,0.984209,201,54,415,355,18212,54481,0.3696854912764004,1,54481_18212_1,54481_18212
225,person,0.95175624,76,49,274,357,18212,54481,0.35,0,54481_18212_0,54481_18212
226,person,0.9865849,197,72,460,360,18369,54481,0.4347107438016529,0,54481_18369_0,54481_18369
227,person,0.99453944,248,134,469,352,18526,54481,0.2765036730945822,0,54481_18526_0,54481_18526
228,person,0.9904919,162,44,455,353,18683,54481,0.5196108815426997,0,54481_18683_0,54481_18683
229,person,0.9945796999999998,166,27,453,354,18840,54481,0.5386191460055096,0,54481_18840_0,54481_18840
230,person,0.9895649,231,129,442,353,18997,54481,0.2712580348943985,1,54481_18997_1,54481_18997
231,person,0.7634989999999999,80,47,177,218,18997,54481,0.0951962809917355,0,54481_18997_0,54481_18997
232,person,0.9952389,90,44,393,354,19154,54481,0.5390840220385675,0,54481_19154_0,54481_19154
233,person,0.9628029,286,17,467,360,19311,54481,0.3563073921028466,2,54481_19311_2,54481_19311
234,person,0.81702465,81,59,191,217,19311,54481,0.0997474747474747,1,54481_19311_1,54481_19311
235,person,0.7007329000000001,161,104,211,213,19311,54481,0.0312786960514233,0,54481_19311_0,54481_19311
236,person,0.99642915,81,41,378,354,19468,54481,0.5335227272727273,0,54481_19468_0,54481_19468
237,person,0.9871667,260,44,419,353,19625,54481,0.2819731404958677,1,54481_19625_1,54481_19625
238,person,0.62536067,195,105,249,185,19625,54481,0.024793388429752,0,54481_19625_0,54481_19625
239,person,0.98393345,158,45,329,349,19782,54481,0.2983471074380165,1,54481_19782_1,54481_19782
240,person,0.6729155,159,80,218,205,19782,54481,0.0423266758494031,0,54481_19782_0,54481_19782
241,person,0.99461526,243,0,479,354,20096,54481,0.4794765840220386,0,54481_20096_0,54481_20096
242,person,0.9938513,93,50,310,360,20253,54481,0.3860766758494032,1,54481_20253_1,54481_20253
243,tie,0.5286615,174,153,216,284,20253,54481,0.0315771349862258,0,54481_20253_0,54481_20253
244,person,0.98957413,3,47,344,337,20410,54481,0.5675505050505051,0,54481_20410_0,54481_20410
245,person,0.9919103,39,31,289,359,20567,54481,0.4706152433425161,0,54481_20567_0,54481_20567
246,person,0.98569226,7,66,229,355,20724,54481,0.3682162534435261,2,54481_20724_2,54481_20724
247,horse,0.9726399,133,18,393,327,20724,54481,0.4610881542699725,4,54481_20724_4,54481_20724
248,person,0.97082627,346,85,484,356,20724,54481,0.2146349862258953,0,54481_20724_0,54481_20724
249,person,0.77098817,261,97,471,355,20724,54481,0.3109504132231405,1,54481_20724_1,54481_20724
250,person,0.5158747,51,53,314,358,20724,54481,0.4603707529843893,3,54481_20724_3,54481_20724
251,person,0.97715646,2,82,187,352,20881,54481,0.2866735537190083,1,54481_20881_1,54481_20881
252,person,0.9704706,326,83,481,357,20881,54481,0.2437442607897153,0,54481_20881_0,54481_20881
253,horse,0.85983306,112,19,365,333,20881,54481,0.4559343434343434,2,54481_20881_2,54481_20881
254,person,0.976929,258,108,480,356,21038,54481,0.3159779614325069,1,54481_21038_1,54481_21038
255,horse,0.9278138,75,3,384,356,21038,54481,0.6260158402203857,2,54481_21038_2,54481_21038
256,person,0.9161914,0,82,171,360,21038,54481,0.2728305785123967,0,54481_21038_0,54481_21038
257,person,0.9934417,311,86,452,360,21195,54481,0.221728650137741,1,54481_21195_1,54481_21195
258,horse,0.9888648,0,52,209,325,21195,54481,0.3274621212121212,2,54481_21195_2,54481_21195
259,person,0.9084552,148,104,289,359,21195,54481,0.206353305785124,0,54481_21195_0,54481_21195
260,horse,0.99624383,11,83,249,360,21352,54481,0.3783631772268136,1,54481_21352_1,54481_21352
261,person,0.6063616999999999,76,90,138,181,21352,54481,0.0323806244260789,0,54481_21352_0,54481_21352
262,horse,0.9944271,0,186,351,360,21509,54481,0.3505165289256198,3,54481_21509_3,54481_21509
263,person,0.9803656,14,45,166,349,21509,54481,0.2651974288337925,2,54481_21509_2,54481_21509
264,person,0.9485248,378,210,474,356,21509,54481,0.0804407713498622,0,54481_21509_0,54481_21509
265,horse,0.6540238,122,198,346,360,21509,54481,0.2082644628099173,1,54481_21509_1,54481_21509
266,person,0.9919166,152,50,394,351,21666,54481,0.4180555555555556,1,54481_21666_1,54481_21666
267,tie,0.5771714,262,246,309,359,21666,54481,0.0304809458218549,0,54481_21666_0,54481_21666
268,person,0.91495854,158,69,257,340,21823,54481,0.1539772727272727,0,54481_21823_0,54481_21823
269,person,0.96960765,156,89,268,356,21980,54481,0.1716253443526171,1,54481_21980_1,54481_21980
270,vase,0.5283949,79,283,120,353,21980,54481,0.016471533516988,0,54481_21980_0,54481_21980
271,person,0.95016515,58,79,187,352,22137,54481,0.2021177685950412,2,54481_22137_2,54481_22137
272,person,0.7383139,21,0,73,140,22137,54481,0.0417814508723599,0,54481_22137_0,54481_22137
273,potted plant,0.70348716,2,115,79,288,22137,54481,0.0764520202020202,1,54481_22137_1,54481_22137
274,person,0.9608059,124,59,277,359,22294,54481,0.2634297520661157,0,54481_22294_0,54481_22294
275,person,0.97342795,183,90,386,353,22451,54481,0.3064106978879706,1,54481_22451_1,54481_22451
276,person,0.5126446,34,43,102,158,22451,54481,0.0448806244260789,0,54481_22451_0,54481_22451
277,person,0.9390452,196,132,363,356,22608,54481,0.214692378328742,0,54481_22608_0,54481_22608
278,person,0.9693702,102,39,461,353,22765,54481,0.6469582185491276,0,54481_22765_0,54481_22765
279,person,0.9844513,39,38,466,354,23079,54481,0.7744031221303949,0,54481_23079_0,54481_23079
280,person,0.93773305,323,197,472,348,23393,54481,0.129126492194674,0,54481_23393_0,54481_23393
281,person,0.56746244,335,2,484,345,23393,54481,0.2933138200183655,1,54481_23393_1,54481_23393
282,person,0.9585721,66,64,280,360,23550,54481,0.363544536271809,1,54481_23550_1,54481_23550
283,umbrella,0.7102759,286,162,421,212,23550,54481,0.0387396694214876,0,54481_23550_0,54481_23550
284,person,0.967834,56,0,446,360,23707,54481,0.8057851239669421,1,54481_23707_1,54481_23707
285,person,0.9652946,14,32,333,353,23707,54481,0.5876893939393939,0,54481_23707_0,54481_23707
286,person,0.6077846,300,159,406,289,24335,54481,0.0790863177226813,0,54481_24335_0,54481_24335
287,person,0.9288087,249,64,396,332,24492,54481,0.2261019283746556,0,54481_24492_0,54481_24492
288,person,0.96622854,129,9,380,355,24649,54481,0.4984274563820018,0,54481_24649_0,54481_24649
289,person,0.8652014000000001,181,73,312,331,24806,54481,0.1939738292011019,1,54481_24806_1,54481_24806
290,person,0.7240925,234,252,333,357,24806,54481,0.0596590909090909,0,54481_24806_0,54481_24806
291,person,0.9820417,190,69,314,341,24963,54481,0.1935720844811753,0,54481_24963_0,54481_24963
292,person,0.97270805,97,6,374,354,25120,54481,0.5532369146005509,0,54481_25120_0,54481_25120
293,person,0.9679261999999998,78,0,358,358,25277,54481,0.5752984389348026,0,54481_25277_0,54481_25277
294,person,0.9534031,214,68,331,342,25434,54481,0.1839876033057851,0,54481_25434_0,54481_25434
295,person,0.98553395,108,2,401,359,25591,54481,0.6003271349862259,0,54481_25591_0,54481_25591
296,person,0.84605795,226,72,351,336,25905,54481,0.1893939393939394,0,54481_25905_0,54481_25905
297,person,0.9697995,101,8,394,352,26062,54481,0.5784664830119376,0,54481_26062_0,54481_26062
298,bird,0.7160386,94,97,366,349,26219,54481,0.3933884297520661,0,54481_26219_0,54481_26219
299,person,0.55390245,90,97,373,357,26219,54481,0.4222910927456382,1,54481_26219_1,54481_26219
300,person,0.98049647,222,71,336,337,26376,54481,0.1740358126721763,0,54481_26376_0,54481_26376
301,person,0.98379034,131,31,421,354,26533,54481,0.5375918273645547,0,54481_26533_0,54481_26533
302,person,0.98939884,51,39,436,355,26690,54481,0.6982323232323232,0,54481_26690_0,54481_26690
303,person,0.8892213,105,225,181,360,27004,54481,0.0588842975206611,1,54481_27004_1,54481_27004
304,person,0.8365790000000001,236,203,311,360,27004,54481,0.0675792011019283,2,54481_27004_2,54481_27004
305,person,0.6921645000000001,190,127,238,194,27004,54481,0.018457300275482,0,54481_27004_0,54481_27004
306,person,0.5188186,70,110,198,256,27004,54481,0.1072543617998163,3,54481_27004_3,54481_27004
307,person,0.96655387,229,229,307,352,27161,54481,0.0550619834710743,3,54481_27161_3,54481_27161
308,horse,0.9361572,118,107,247,244,27161,54481,0.1014290633608815,5,54481_27161_5,54481_27161
309,person,0.7641979,434,100,482,358,27161,54481,0.0710743801652892,4,54481_27161_4,54481_27161
310,bowl,0.73910123,74,184,139,230,27161,54481,0.0171602387511478,0,54481_27161_0,54481_27161
311,person,0.53953654,401,110,452,225,27161,54481,0.0336604683195592,2,54481_27161_2,54481_27161
312,bottle,0.5311522,175,222,214,301,27161,54481,0.0176825068870523,1,54481_27161_1,54481_27161
313,person,0.9072993,233,228,300,353,27318,54481,0.0480658861340679,0,54481_27318_0,54481_27318
314,person,0.6681863,283,88,371,321,27318,54481,0.1176767676767676,2,54481_27318_2,54481_27318
315,person,0.5266482,431,93,483,349,27318,54481,0.0764003673094582,1,54481_27318_1,54481_27318
316,person,0.94843525,321,128,408,337,27475,54481,0.1043560606060606,1,54481_27475_1,54481_27475
317,bottle,0.60658985,178,220,214,295,27475,54481,0.015495867768595,0,54481_27475_0,54481_27475
318,person,0.50770944,54,94,158,317,27475,54481,0.1331037649219467,2,54481_27475_2,54481_27475
319,person,0.96996295,232,212,296,352,27632,54481,0.0514233241505968,1,54481_27632_1,54481_27632
320,person,0.86699283,395,94,444,242,27632,54481,0.0416207529843893,0,54481_27632_0,54481_27632
321,person,0.8345739,274,181,373,347,27632,54481,0.0943181818181818,3,54481_27632_3,54481_27632
322,person,0.7098361,431,110,482,360,27632,54481,0.0731749311294765,2,54481_27632_2,54481_27632
323,person,0.98562497,15,64,249,359,27789,54481,0.3961776859504133,1,54481_27789_1,54481_27789
324,person,0.98031807,225,37,458,359,27789,54481,0.4305899908172636,2,54481_27789_2,54481_27789
325,person,0.6038868000000001,11,0,94,152,27789,54481,0.0724058769513315,0,54481_27789_0,54481_27789
326,person,0.98163617,225,11,465,356,27946,54481,0.475206611570248,2,54481_27946_2,54481_27946
327,person,0.9706844,41,82,226,351,27946,54481,0.2856117998163453,1,54481_27946_1,54481_27946
328,person,0.612574,8,2,105,120,27946,54481,0.0656910009182736,0,54481_27946_0,54481_27946
329,person,0.97552466,141,43,271,360,28103,54481,0.2365128558310376,2,54481_28103_2,54481_28103
330,person,0.88161796,238,64,374,360,28103,54481,0.2310376492194674,1,54481_28103_1,54481_28103
331,person,0.5476679,411,193,446,277,28103,54481,0.0168732782369146,0,54481_28103_0,54481_28103
332,person,0.78741837,51,139,171,356,28417,54481,0.1494490358126722,2,54481_28417_2,54481_28417
333,person,0.7779185000000001,166,0,236,116,28417,54481,0.0466023875114784,0,54481_28417_0,54481_28417
334,person,0.53131425,207,161,293,352,28417,54481,0.0942722681359045,1,54481_28417_1,54481_28417
335,horse,0.95373946,12,170,131,360,28574,54481,0.1297635445362718,1,54481_28574_1,54481_28574
336,person,0.8776199,242,168,304,323,28574,54481,0.055153810835629,0,54481_28574_0,54481_28574
337,person,0.73514366,78,19,155,133,28731,54481,0.0503787878787878,1,54481_28731_1,54481_28731
338,person,0.61468774,295,128,365,252,28731,54481,0.0498163452708907,0,54481_28731_0,54481_28731
339,person,0.9714067,191,41,426,353,28888,54481,0.4207988980716253,0,54481_28888_0,54481_28888
340,person,0.92624724,59,35,414,354,28888,54481,0.6499368686868687,1,54481_28888_1,54481_28888
341,person,0.98764753,199,54,478,355,29045,54481,0.4819731404958678,0,54481_29045_0,54481_29045
342,person,0.9814612,180,68,365,360,29202,54481,0.3100321395775941,0,54481_29202_0,54481_29202
343,person,0.922733,121,97,253,359,29359,54481,0.1984848484848485,2,54481_29359_2,54481_29359
344,person,0.86888576,128,98,250,241,29359,54481,0.1001262626262626,0,54481_29359_0,54481_29359
345,person,0.86797065,315,155,473,351,29359,54481,0.1777318640955004,1,54481_29359_1,54481_29359
346,person,0.9799238,42,64,249,357,29516,54481,0.3480888429752066,1,54481_29516_1,54481_29516
347,person,0.53525454,20,193,50,336,29516,54481,0.0246212121212121,0,54481_29516_0,54481_29516
348,person,0.9779766,212,95,337,346,29673,54481,0.180067722681359,2,54481_29673_2,54481_29673
349,person,0.9282495,70,234,179,355,29673,54481,0.0756944444444444,1,54481_29673_1,54481_29673
350,couch,0.55048805,380,260,475,355,29673,54481,0.0517963728191,0,54481_29673_0,54481_29673
351,person,0.9423215,171,143,307,347,29830,54481,0.159228650137741,2,54481_29830_2,54481_29830
352,person,0.93952394,324,127,463,321,29830,54481,0.1547635445362718,1,54481_29830_1,54481_29830
353,person,0.6543535,4,128,115,291,29830,54481,0.1038395316804407,0,54481_29830_0,54481_29830
354,person,0.9602486,146,166,363,360,29987,54481,0.2416092745638201,0,54481_29987_0,54481_29987
355,person,0.9572157,11,40,158,353,29987,54481,0.2640668044077135,1,54481_29987_1,54481_29987
356,person,0.973264,204,158,411,359,30144,54481,0.2387913223140496,1,54481_30144_1,54481_30144
357,person,0.9001707,39,41,268,343,30144,54481,0.3969123048668503,2,54481_30144_2,54481_30144
358,person,0.5285419,269,163,415,306,30144,54481,0.1198232323232323,0,54481_30144_0,54481_30144
359,person,0.98411244,75,42,265,343,30301,54481,0.3282254361799816,2,54481_30301_2,54481_30301
360,person,0.9805393,249,175,405,358,30301,54481,0.1638429752066115,1,54481_30301_1,54481_30301
361,person,0.5600286999999999,51,268,136,360,30301,54481,0.0448806244260789,0,54481_30301_0,54481_30301
362,person,0.97829986,87,34,276,340,30458,54481,0.3319214876033058,1,54481_30458_1,54481_30458
363,person,0.9699747,258,174,436,360,30458,54481,0.1900137741046832,0,54481_30458_0,54481_30458
364,person,0.9703532,71,67,298,345,30615,54481,0.3621786042240588,1,54481_30615_1,54481_30615
365,person,0.9602892,244,112,426,354,30615,54481,0.2527777777777777,0,54481_30615_0,54481_30615
366,person,0.9711329,26,48,289,353,30772,54481,0.4603707529843893,1,54481_30772_1,54481_30772
367,person,0.8457504000000001,112,82,363,354,30772,54481,0.3918273645546373,0,54481_30772_0,54481_30772
368,person,0.9939506,164,103,252,360,30929,54481,0.1297979797979798,0,54481_30929_0,54481_30929
369,person,0.9895521,52,114,140,360,31086,54481,0.1242424242424242,0,54481_31086_0,54481_31086
370,person,0.89609724,120,141,212,347,31400,54481,0.1087695133149678,0,54481_31400_0,54481_31400
371,person,0.9883819,369,145,479,358,31557,54481,0.1344696969696969,2,54481_31557_2,54481_31557
372,person,0.7923502,165,114,250,349,31557,54481,0.1146407254361799,1,54481_31557_1,54481_31557
373,person,0.6047164,44,147,226,355,31557,54481,0.2172635445362718,3,54481_31557_3,54481_31557
374,person,0.5303949,285,161,362,353,31557,54481,0.0848484848484848,0,54481_31557_0,54481_31557
375,person,0.85700727,78,113,236,337,32185,54481,0.2031221303948577,1,54481_32185_1,54481_32185
376,person,0.84952986,182,108,251,270,32185,54481,0.0641528925619834,0,54481_32185_0,54481_32185
377,person,0.9642495,171,180,309,353,32499,54481,0.1370179063360881,1,54481_32499_1,54481_32499
378,person,0.8575459999999999,350,165,469,360,32499,54481,0.1331783746556474,0,54481_32499_0,54481_32499
379,person,0.86946356,96,150,158,318,32656,54481,0.0597796143250688,0,54481_32656_0,54481_32656
380,person,0.6854409,342,152,421,320,32656,54481,0.0761707988980716,1,54481_32656_1,54481_32656
381,person,0.58637804,51,145,137,319,32656,54481,0.0858815426997245,3,54481_32656_3,54481_32656
382,person,0.5851137,28,143,110,324,32656,54481,0.0851813590449954,2,54481_32656_2,54481_32656
383,person,0.9164755,41,151,120,331,32813,54481,0.0816115702479338,1,54481_32813_1,54481_32813
384,person,0.90242517,328,151,467,333,32813,54481,0.1451905417814508,3,54481_32813_3,54481_32813
385,person,0.8338384,144,138,267,323,32813,54481,0.1305957300275482,2,54481_32813_2,54481_32813
386,person,0.5240375,48,147,105,225,32813,54481,0.0255165289256198,0,54481_32813_0,54481_32813
387,person,0.9706706,159,102,285,346,32970,54481,0.1764462809917355,2,54481_32970_2,54481_32970
388,vase,0.8574888,391,241,448,346,32970,54481,0.034349173553719,0,54481_32970_0,54481_32970
389,potted plant,0.81895566,346,91,480,339,32970,54481,0.1907254361799816,3,54481_32970_3,54481_32970
390,person,0.7169618000000001,14,39,217,349,32970,54481,0.3611685032139577,4,54481_32970_4,54481_32970
391,vase,0.55542004,382,197,465,336,32970,54481,0.0662132690541781,1,54481_32970_1,54481_32970
392,bed,0.5051607,0,29,445,351,33127,54481,0.8223714416896235,1,54481_33127_1,54481_33127
393,couch,0.5043495,176,6,469,326,33127,54481,0.5381083562901745,0,54481_33127_0,54481_33127
394,bed,0.51546675,0,15,469,359,33284,54481,0.9259412304866852,0,54481_33284_0,54481_33284
395,potted plant,0.8976668999999999,21,97,186,330,33441,54481,0.2206439393939394,2,54481_33441_2,54481_33441
396,potted plant,0.5727348000000001,37,97,168,264,33441,54481,0.1255567033976125,0,54481_33441_0,54481_33441
397,potted plant,0.51462966,16,67,345,347,33441,54481,0.5286960514233241,3,54481_33441_3,54481_33441
398,potted plant,0.5038663,234,6,367,288,33441,54481,0.2152548209366391,1,54481_33441_1,54481_33441
399,potted plant,0.8773764999999999,73,128,266,333,33598,54481,0.227071854912764,2,54481_33598_2,54481_33598
400,potted plant,0.5462846,310,126,380,255,33598,54481,0.0518250688705234,0,54481_33598_0,54481_33598
401,person,0.5135764,36,67,113,351,33598,54481,0.1255050505050505,1,54481_33598_1,54481_33598
402,person,0.93123835,29,68,460,358,33755,54481,0.7173438934802571,0,54481_33755_0,54481_33755
403,person,0.9406698,25,20,277,357,33912,54481,0.4873966942148761,1,54481_33912_1,54481_33912
404,person,0.68765956,203,34,359,354,33912,54481,0.2865013774104683,0,54481_33912_0,54481_33912
405,person,0.9457471,5,64,405,355,34069,54481,0.6680440771349863,0,54481_34069_0,54481_34069
406,person,0.8401957,261,171,394,290,34226,54481,0.0908344811753902,1,54481_34226_1,54481_34226
407,person,0.78708553,172,93,221,256,34226,54481,0.045839072543618,0,54481_34226_0,54481_34226
408,person,0.74060476,39,53,160,343,34226,54481,0.2013888888888889,3,54481_34226_3,54481_34226
409,couch,0.7406893,181,165,478,352,34226,54481,0.31875,4,54481_34226_4,54481_34226
410,person,0.6761424,65,61,157,279,34226,54481,0.1151056014692378,2,54481_34226_2,54481_34226
411,person,0.935901,217,69,329,249,34383,54481,0.1157024793388429,0,54481_34383_0,54481_34383
412,person,0.5721734,14,167,220,356,34383,54481,0.2234504132231405,1,54481_34383_1,54481_34383
413,person,0.96838,221,69,330,257,34540,54481,0.1176078971533517,0,54481_34540_0,54481_34540
414,couch,0.5131904,169,160,471,354,34540,54481,0.3362488521579431,1,54481_34540_1,54481_34540
415,couch,0.6291372,175,156,484,357,34697,54481,0.3564566115702479,0,54481_34697_0,54481_34697
416,person,0.6312823000000001,140,100,399,350,35011,54481,0.3716138659320477,1,54481_35011_1,54481_35011
417,person,0.6267715,100,58,250,331,35011,54481,0.2350206611570248,0,54481_35011_0,54481_35011
418,person,0.7495251,10,7,111,359,35168,54481,0.204040404040404,0,54481_35168_0,54481_35168
419,person,0.6886846999999999,102,20,234,330,35168,54481,0.2348484848484849,1,54481_35168_1,54481_35168
420,person,0.9925113,113,86,256,357,35325,54481,0.2224116161616161,2,54481_35325_2,54481_35325
421,person,0.9658007,16,121,81,316,35325,54481,0.0727444903581267,1,54481_35325_1,54481_35325
422,person,0.7556505,70,132,117,303,35325,54481,0.0461260330578512,0,54481_35325_0,54481_35325
423,person,0.98190767,355,51,477,360,35482,54481,0.2163567493112947,2,54481_35482_2,54481_35482
424,person,0.8815779,85,134,181,342,35482,54481,0.1146005509641873,1,54481_35482_1,54481_35482
425,person,0.83204174,36,87,117,218,35482,54481,0.0608987603305785,0,54481_35482_0,54481_35482
426,person,0.898284,409,49,474,357,35639,54481,0.1148989898989899,1,54481_35639_1,54481_35639
427,person,0.606061,6,79,98,201,35639,54481,0.064416896235078,0,54481_35639_0,54481_35639
428,person,0.5426025999999999,20,123,162,324,35639,54481,0.1638085399449035,2,54481_35639_2,54481_35639
429,person,0.94784755,23,120,163,329,35796,54481,0.1679292929292929,3,54481_35796_3,54481_35796
430,person,0.8530559000000001,3,71,97,221,35796,54481,0.0809228650137741,2,54481_35796_2,54481_35796
431,person,0.6511889,436,185,483,355,35796,54481,0.0458562901744719,0,54481_35796_0,54481_35796
432,person,0.5739044,439,68,480,355,35796,54481,0.067533287419651,1,54481_35796_1,54481_35796
433,person,0.9855978,328,66,474,360,35953,54481,0.2463498622589532,3,54481_35953_3,54481_35953
434,person,0.95680237,101,46,202,336,35953,54481,0.1681014692378328,0,54481_35953_0,54481_35953
435,person,0.9326772,5,139,156,351,35953,54481,0.1837235996326905,1,54481_35953_1,54481_35953
436,person,0.62211615,21,74,185,328,35953,54481,0.2390725436179981,2,54481_35953_2,54481_35953
437,person,0.97686565,328,52,459,358,36110,54481,0.2300619834710744,4,54481_36110_4,54481_36110
438,person,0.94693434,7,145,169,356,36110,54481,0.1961776859504132,2,54481_36110_2,54481_36110
439,person,0.8902779000000001,64,46,206,311,36110,54481,0.2159664830119375,3,54481_36110_3,54481_36110
440,person,0.8001547,414,66,480,311,36110,54481,0.0928030303030303,1,54481_36110_1,54481_36110
441,person,0.54273,3,79,56,222,36110,54481,0.0434974747474747,0,54481_36110_0,54481_36110
442,person,0.968926,306,88,424,346,36267,54481,0.174724517906336,2,54481_36267_2,54481_36267
443,person,0.9493565,68,49,202,338,36267,54481,0.2222566574839302,4,54481_36267_4,54481_36267
444,person,0.73883,410,125,480,337,36267,54481,0.085169880624426,1,54481_36267_1,54481_36267
445,person,0.6972721,18,141,159,358,36267,54481,0.1756026170798898,3,54481_36267_3,54481_36267
446,person,0.5013795,396,67,461,183,36267,54481,0.0432736455463728,0,54481_36267_0,54481_36267
447,person,0.8528741,92,6,210,243,36424,54481,0.1605027548209366,5,54481_36424_5,54481_36424
448,person,0.83974826,373,88,461,351,36424,54481,0.1328282828282828,4,54481_36424_4,54481_36424
449,person,0.81402504,159,200,354,357,36424,54481,0.1757059228650137,6,54481_36424_6,54481_36424
450,person,0.78533417,409,18,483,310,36424,54481,0.1240128558310376,2,54481_36424_2,54481_36424
451,person,0.76882446,26,99,159,338,36424,54481,0.1824322773186408,7,54481_36424_7,54481_36424
452,person,0.7296269000000001,2,31,60,229,36424,54481,0.0659090909090909,0,54481_36424_0,54481_36424
453,person,0.6870575,21,97,134,254,36424,54481,0.1018193296602387,1,54481_36424_1,54481_36424
454,person,0.6222340000000001,392,52,472,340,36424,54481,0.1322314049586777,3,54481_36424_3,54481_36424
455,person,0.94547683,20,59,198,341,36581,54481,0.2880853994490358,5,54481_36581_5,54481_36581
456,person,0.82237595,0,3,57,207,36581,54481,0.0667355371900826,0,54481_36581_0,54481_36581
457,person,0.7981017,383,14,478,193,36581,54481,0.0975952708907254,1,54481_36581_1,54481_36581
458,person,0.7711878000000001,106,0,214,253,36581,54481,0.1568181818181818,4,54481_36581_4,54481_36581
459,person,0.7485925999999999,375,50,475,319,36581,54481,0.1543847566574839,3,54481_36581_3,54481_36581
460,person,0.68799967,152,225,364,351,36581,54481,0.1533057851239669,2,54481_36581_2,54481_36581
461,person,0.96218675,132,19,246,358,36738,54481,0.221797520661157,4,54481_36738_4,54481_36738
462,person,0.92087644,318,71,450,349,36738,54481,0.2106060606060606,3,54481_36738_3,54481_36738
463,person,0.5856324,0,61,98,352,36738,54481,0.1636707988980716,2,54481_36738_2,54481_36738
464,person,0.5423916,403,75,481,315,36738,54481,0.1074380165289256,1,54481_36738_1,54481_36738
465,person,0.5281609,319,65,426,215,36738,54481,0.0921143250688705,0,54481_36738_0,54481_36738
466,person,0.9922125,7,40,310,355,36895,54481,0.5477789256198347,1,54481_36895_1,54481_36895
467,person,0.60640585,323,27,484,335,36895,54481,0.2845959595959596,0,54481_36895_0,54481_36895
468,person,0.9606433,243,18,481,354,37052,54481,0.4589531680440772,3,54481_37052_3,54481_37052
469,person,0.9206604,48,36,290,337,37052,54481,0.4180555555555556,2,54481_37052_2,54481_37052
470,person,0.7652125,82,141,309,347,37052,54481,0.2683769513314968,1,54481_37052_1,54481_37052
471,person,0.66053975,227,66,333,343,37052,54481,0.1685146923783287,0,54481_37052_0,54481_37052
472,person,0.9670971,293,28,479,360,37209,54481,0.3544077134986226,1,54481_37209_1,54481_37209
473,person,0.96486735,35,34,240,359,37209,54481,0.3823748852157943,2,54481_37209_2,54481_37209
474,person,0.9569387,195,60,318,354,37209,54481,0.2075413223140496,0,54481_37209_0,54481_37209
475,person,0.97495246,15,27,274,354,37366,54481,0.4860709366391184,3,54481_37366_3,54481_37366
476,person,0.943472,211,65,333,352,37366,54481,0.2009527089072544,0,54481_37366_0,54481_37366
477,person,0.92969805,307,30,482,354,37366,54481,0.3254132231404959,1,54481_37366_1,54481_37366
478,person,0.5443185,130,35,328,352,37366,54481,0.3602272727272727,2,54481_37366_2,54481_37366
479,person,0.95006645,347,134,480,360,37523,54481,0.1725091827364554,1,54481_37523_1,54481_37523
480,person,0.9380706,40,16,192,227,37523,54481,0.1840679522497704,2,54481_37523_2,54481_37523
481,person,0.8979338,294,2,446,318,37523,54481,0.2756657483930211,3,54481_37523_3,54481_37523
482,person,0.8948995999999999,82,16,341,328,37523,54481,0.4637741046831956,4,54481_37523_4,54481_37523
483,person,0.5394625,10,45,83,231,37523,54481,0.077926997245179,0,54481_37523_0,54481_37523
484,person,0.9420728,87,36,348,360,37680,54481,0.4853305785123967,5,54481_37680_5,54481_37680
485,person,0.9295739,34,12,203,242,37680,54481,0.2230831037649219,2,54481_37680_2,54481_37680
486,person,0.8973357,288,4,463,292,37680,54481,0.2892561983471074,3,54481_37680_3,54481_37680
487,person,0.8590421,320,147,478,356,37680,54481,0.1895202020202021,1,54481_37680_1,54481_37680
488,person,0.5483339,42,49,269,332,37680,54481,0.3686926078971533,4,54481_37680_4,54481_37680
489,person,0.52023286,11,24,89,229,37680,54481,0.0917699724517906,0,54481_37680_0,54481_37680
490,person,0.98311895,7,41,301,355,37837,54481,0.5298209366391184,3,54481_37837_3,54481_37837
491,person,0.90896803,294,29,474,331,37837,54481,0.3119834710743802,2,54481_37837_2,54481_37837
492,person,0.83281046,198,66,318,343,37837,54481,0.1907713498622589,1,54481_37837_1,54481_37837
493,person,0.8043639,424,14,483,225,37837,54481,0.0714474288337924,0,54481_37837_0,54481_37837
494,person,0.9701183,6,27,269,351,37994,54481,0.4890495867768595,5,54481_37994_5,54481_37994
495,person,0.96102494,186,63,324,346,37994,54481,0.2241391184573002,2,54481_37994_2,54481_37994
496,person,0.9368638,285,45,458,350,37994,54481,0.3028294306703397,3,54481_37994_3,54481_37994
497,person,0.8050333000000001,428,13,483,236,37994,54481,0.0703914141414141,0,54481_37994_0,54481_37994
498,person,0.78604156,188,52,397,356,37994,54481,0.3646464646464647,4,54481_37994_4,54481_37994
499,person,0.7786075,344,254,477,356,37994,54481,0.077858126721763,1,54481_37994_1,54481_37994
500,person,0.9698546,0,35,278,357,38151,54481,0.5137511478420569,4,54481_38151_4,54481_38151
501,person,0.9019485,260,40,466,349,38151,54481,0.3653236914600551,3,54481_38151_3,54481_38151
502,person,0.866934,184,69,317,345,38151,54481,0.2106749311294764,2,54481_38151_2,54481_38151
503,person,0.7518102,272,209,481,354,38151,54481,0.1739267676767676,1,54481_38151_1,54481_38151
504,person,0.741585,426,26,484,224,38151,54481,0.0659090909090909,0,54481_38151_0,54481_38151
505,person,0.94372654,10,22,266,360,38308,54481,0.4966023875114784,5,54481_38308_5,54481_38308
506,person,0.9157362,269,35,480,328,38308,54481,0.3548151974288338,4,54481_38308_4,54481_38308
507,person,0.7884888000000001,204,71,333,327,38308,54481,0.1895316804407713,0,54481_38308_0,54481_38308
508,dog,0.7832088,247,199,472,356,38308,54481,0.2027376033057852,1,54481_38308_1,54481_38308
509,person,0.7053491999999999,63,15,219,253,38308,54481,0.2130853994490358,2,54481_38308_2,54481_38308
510,person,0.6395466999999999,240,165,474,357,38308,54481,0.2578512396694215,3,54481_38308_3,54481_38308
511,person,0.9815595,279,137,481,358,38465,54481,0.2562098255280073,2,54481_38465_2,54481_38465
512,person,0.9646244,96,34,340,360,38465,54481,0.4565197428833793,4,54481_38465_4,54481_38465
513,person,0.9474202,284,3,472,291,38465,54481,0.3107438016528925,3,54481_38465_3,54481_38465
514,person,0.9017531,83,30,211,187,38465,54481,0.1153351698806244,0,54481_38465_0,54481_38465
515,person,0.6118344,62,26,219,295,38465,54481,0.2423840679522497,1,54481_38465_1,54481_38465
516,person,0.98775524,209,69,401,358,38622,54481,0.3184573002754821,3,54481_38622_3,54481_38622
517,person,0.9630454,383,145,482,354,38622,54481,0.11875,0,54481_38622_0,54481_38622
518,person,0.96229106,133,45,257,355,38622,54481,0.2206152433425161,1,54481_38622_1,54481_38622
519,person,0.883239,4,38,152,344,38622,54481,0.2599173553719008,2,54481_38622_2,54481_38622
520,person,0.9513138,306,157,353,254,38779,54481,0.0261650596877869,0,54481_38779_0,54481_38779
521,person,0.99223447,159,92,294,353,38936,54481,0.2022210743801653,0,54481_38936_0,54481_38936
522,person,0.9298862,315,117,380,294,39093,54481,0.0660296143250688,3,54481_39093_3,54481_39093
523,person,0.8426809999999999,253,115,305,292,39093,54481,0.0528236914600551,0,54481_39093_0,54481_39093
524,person,0.78185976,0,0,195,356,39093,54481,0.3984159779614325,4,54481_39093_4,54481_39093
525,person,0.727982,313,90,381,237,39093,54481,0.0573691460055096,2,54481_39093_2,54481_39093
526,person,0.72516644,235,120,288,294,39093,54481,0.052926997245179,1,54481_39093_1,54481_39093
527,person,0.98786306,344,0,474,359,39250,54481,0.2678489439853076,1,54481_39250_1,54481_39250
528,person,0.9805147,168,3,277,329,39250,54481,0.20393709825528,0,54481_39250_0,54481_39250
529,horse,0.72119725,30,89,255,354,39250,54481,0.3422004132231405,2,54481_39250_2,54481_39250
530,person,0.98339224,129,0,456,358,39407,54481,0.671866391184573,0,54481_39407_0,54481_39407
531,dog,0.7828745,13,102,229,331,39564,54481,0.2838842975206611,2,54481_39564_2,54481_39564
532,person,0.64414334,1,106,214,329,39564,54481,0.2726067493112947,1,54481_39564_1,54481_39564
533,bottle,0.5918074999999999,302,186,369,355,39564,54481,0.0649850780532598,0,54481_39564_0,54481_39564
534,horse,0.97144777,238,105,329,353,39721,54481,0.1295224977043159,2,54481_39721_2,54481_39721
535,person,0.9548208,146,67,229,319,39721,54481,0.1200413223140495,0,54481_39721_0,54481_39721
536,person,0.9237671,263,60,352,316,39721,54481,0.1307621671258035,3,54481_39721_3,54481_39721
537,horse,0.8538825000000001,115,139,217,354,39721,54481,0.1258608815426997,1,54481_39721_1,54481_39721
538,person,0.8159731,218,31,273,175,39878,54481,0.0454545454545454,1,54481_39878_1,54481_39878
539,bottle,0.61860245,339,218,371,328,39878,54481,0.0202020202020202,0,54481_39878_0,54481_39878
540,motorcycle,0.5660145000000001,218,56,299,207,39878,54481,0.0701962809917355,2,54481_39878_2,54481_39878
541,person,0.563932,301,134,373,276,40035,54481,0.0586776859504132,0,54481_40035_0,54481_40035
542,elephant,0.7419026999999999,207,56,267,107,40192,54481,0.0175619834710743,1,54481_40192_1,54481_40192
543,bottle,0.7241711,337,180,371,287,40192,54481,0.0208792470156106,2,54481_40192_2,54481_40192
544,vase,0.50981504,273,179,309,246,40192,54481,0.0138429752066115,0,54481_40192_0,54481_40192
545,person,0.99408096,106,103,238,350,40349,54481,0.1871212121212121,0,54481_40349_0,54481_40349
546,person,0.99163204,109,62,272,351,40506,54481,0.2703569788797061,1,54481_40506_1,54481_40506
547,person,0.63267565,310,99,355,155,40506,54481,0.0144628099173553,0,54481_40506_0,54481_40506
548,person,0.9900927,96,79,289,346,40663,54481,0.2957472451790633,1,54481_40663_1,54481_40663
549,person,0.6703081,310,95,355,168,40663,54481,0.0188533057851239,0,54481_40663_0,54481_40663
550,person,0.95475984,410,194,474,358,40820,54481,0.060238751147842,3,54481_40820_3,54481_40820
551,person,0.61945045,153,142,200,259,40820,54481,0.0315599173553719,1,54481_40820_1,54481_40820
552,person,0.5745336999999999,272,99,310,156,40820,54481,0.012431129476584,0,54481_40820_0,54481_40820
553,person,0.5731562,64,125,123,265,40820,54481,0.0474058769513315,2,54481_40820_2,54481_40820
554,person,0.98013157,0,59,236,360,40977,54481,0.4076905417814509,0,54481_40977_0,54481_40977
555,person,0.9474292,200,19,478,354,40977,54481,0.5344926538108357,1,54481_40977_1,54481_40977
556,person,0.99302894,0,63,241,357,41134,54481,0.4066460055096418,1,54481_41134_1,54481_41134
557,person,0.94293773,214,16,478,354,41134,54481,0.5121212121212121,2,54481_41134_2,54481_41134
558,person,0.51350886,281,8,354,141,41134,54481,0.0557219926538108,0,54481_41134_0,54481_41134
559,person,0.9853732,2,56,300,356,41291,54481,0.5130853994490359,3,54481_41291_3,54481_41291
560,person,0.94474447,277,37,472,359,41291,54481,0.3603650137741047,2,54481_41291_2,54481_41291
561,person,0.90389884,55,98,116,206,41291,54481,0.0378099173553719,0,54481_41291_0,54481_41291
562,person,0.64200807,273,3,351,123,41291,54481,0.0537190082644628,1,54481_41291_1,54481_41291
563,person,0.9882023,23,227,83,356,41448,54481,0.0444214876033057,0,54481_41448_0,54481_41448
564,horse,0.92298275,105,206,216,357,41448,54481,0.0961949035812672,3,54481_41448_3,54481_41448
565,horse,0.8491316999999999,374,225,452,360,41448,54481,0.0604338842975206,1,54481_41448_1,54481_41448
566,person,0.8464,230,163,298,357,41448,54481,0.0757116620752984,2,54481_41448_2,54481_41448
567,horse,0.623436,350,186,455,358,41448,54481,0.1036501377410468,4,54481_41448_4,54481_41448
568,person,0.9750523,10,62,259,356,41605,54481,0.4201446280991736,1,54481_41605_1,54481_41605
569,person,0.9631967,235,49,480,356,41605,54481,0.4316747015610652,2,54481_41605_2,54481_41605
570,person,0.5270562,219,21,316,255,41605,54481,0.1302685950413223,0,54481_41605_0,54481_41605
571,person,0.9739255,8,80,261,360,41762,54481,0.4065656565656566,1,54481_41762_1,54481_41762
572,person,0.9516939,214,41,477,359,41762,54481,0.4799931129476584,2,54481_41762_2,54481_41762
573,person,0.67964387,205,10,284,153,41762,54481,0.0648358585858585,0,54481_41762_0,54481_41762
574,person,0.98151994,2,52,295,352,41919,54481,0.5044765840220385,4,54481_41919_4,54481_41919
575,person,0.9392071,237,6,337,157,41919,54481,0.0866620752984389,1,54481_41919_1,54481_41919
576,person,0.93857586,295,39,477,355,41919,54481,0.3300734618916437,3,54481_41919_3,54481_41919
577,person,0.8750585,18,95,80,226,41919,54481,0.0466138659320477,0,54481_41919_0,54481_41919
578,person,0.5896831,225,18,339,313,41919,54481,0.1930096418732782,2,54481_41919_2,54481_41919
579,person,0.9863754,22,61,296,355,42076,54481,0.4623278236914601,4,54481_42076_4,54481_42076
580,person,0.8990001,42,100,109,242,42076,54481,0.0546028466483012,2,54481_42076_2,54481_42076
581,person,0.8706472,270,24,475,360,42076,54481,0.3953168044077135,3,54481_42076_3,54481_42076
582,person,0.8061329,258,6,333,123,42076,54481,0.0503615702479338,1,54481_42076_1,54481_42076
583,tie,0.50687957,306,167,349,251,42076,54481,0.0207300275482093,0,54481_42076_0,54481_42076
584,person,0.98525757,29,63,322,357,42233,54481,0.4943870523415978,2,54481_42233_2,54481_42233
585,person,0.8225068000000001,310,22,484,349,42233,54481,0.3265495867768595,1,54481_42233_1,54481_42233
586,person,0.55884826,292,9,368,127,42233,54481,0.0514692378328741,0,54481_42233_0,54481_42233
587,horse,0.9371101,401,119,482,295,42390,54481,0.0818181818181818,4,54481_42390_4,54481_42390
588,horse,0.89996356,277,213,364,360,42390,54481,0.0733987603305785,3,54481_42390_3,54481_42390
589,person,0.54255044,344,62,393,170,42390,54481,0.0303719008264462,1,54481_42390_1,54481_42390
590,person,0.5376238,276,66,320,135,42390,54481,0.0174242424242424,0,54481_42390_0,54481_42390
591,person,0.51130265,400,64,481,202,42390,54481,0.0641528925619834,2,54481_42390_2,54481_42390
592,horse,0.5003882000000001,258,143,357,359,42390,54481,0.1227272727272727,5,54481_42390_5,54481_42390
593,person,0.993975,0,137,271,356,42547,54481,0.340616391184573,0,54481_42547_0,54481_42547
594,person,0.99502665,34,92,274,360,42704,54481,0.3691460055096419,1,54481_42704_1,54481_42704
595,horse,0.7665488,281,42,395,253,42704,54481,0.1380509641873278,0,54481_42704_0,54481_42704
596,handbag,0.73930955,169,0,484,323,42861,54481,0.5839359504132231,1,54481_42861_1,54481_42861
597,person,0.5512446999999999,12,0,212,344,42861,54481,0.3948576675849403,0,54481_42861_0,54481_42861
598,person,0.8565767,329,110,420,201,43175,54481,0.0475264003673094,0,54481_43175_0,54481_43175
599,chair,0.801892,280,210,408,360,43175,54481,0.1101928374655647,1,54481_43175_1,54481_43175
600,person,0.8407286,170,186,267,278,43332,54481,0.0512167125803489,0,54481_43332_0,54481_43332
601,cup,0.7232379,256,223,443,357,43332,54481,0.1438131313131313,2,54481_43332_2,54481_43332
602,chair,0.6334939,97,268,248,354,43332,54481,0.0745293847566574,1,54481_43332_1,54481_43332
603,person,0.9884511,66,96,390,356,43489,54481,0.4834710743801653,0,54481_43489_0,54481_43489
604,person,0.98832804,61,101,380,360,43646,54481,0.474179292929293,1,54481_43646_1,54481_43646
605,person,0.8709785,0,5,341,121,43646,54481,0.2270202020202019,0,54481_43646_0,54481_43646
606,person,0.80098295,182,182,293,305,43803,54481,0.0783574380165289,2,54481_43803_2,54481_43803
607,chair,0.5885319,115,269,242,355,43803,54481,0.0626836547291092,1,54481_43803_1,54481_43803
608,person,0.5273495,150,193,196,292,43803,54481,0.0261363636363636,0,54481_43803_0,54481_43803
609,person,0.8791074000000001,136,171,237,310,43960,54481,0.0805727731864095,1,54481_43960_1,54481_43960
610,chair,0.8203030000000001,117,271,272,356,43960,54481,0.0756140955004591,0,54481_43960_0,54481_43960
611,person,0.8124081999999999,93,167,222,323,43960,54481,0.115495867768595,2,54481_43960_2,54481_43960
612,person,0.57783425,118,159,277,325,43960,54481,0.1514807162534435,4,54481_43960_4,54481_43960
613,cup,0.568054,277,223,469,356,43960,54481,0.1465564738292011,3,54481_43960_3,54481_43960
614,person,0.98602575,135,54,305,349,44117,54481,0.2878213957759412,1,54481_44117_1,54481_44117
615,handbag,0.56211776,164,183,297,343,44117,54481,0.1221303948576675,0,54481_44117_0,54481_44117
616,person,0.9468786,6,33,262,355,44274,54481,0.4730945821854913,0,54481_44274_0,54481_44274
617,person,0.9691796,4,19,156,360,44431,54481,0.2974747474747474,1,54481_44431_1,54481_44431
618,person,0.5469326,221,130,340,279,44431,54481,0.1017619375573921,0,54481_44431_0,54481_44431
619,person,0.9751864,15,27,374,351,44588,54481,0.6675619834710744,0,54481_44588_0,54481_44588
620,person,0.8248993,112,45,381,302,44745,54481,0.3967688246097337,0,54481_44745_0,54481_44745
621,person,0.9880463,1,26,355,358,44902,54481,0.6745179063360881,1,54481_44902_1,54481_44902
622,tie,0.70379055,204,264,319,360,44902,54481,0.0633608815426997,0,54481_44902_0,54481_44902
623,person,0.81243867,126,80,388,317,45059,54481,0.356370523415978,0,54481_45059_0,54481_45059
624,person,0.5034111,124,74,371,306,45216,54481,0.3288797061524334,0,54481_45216_0,54481_45216
625,person,0.9682313,0,35,176,360,45373,54481,0.3282828282828283,0,54481_45373_0,54481_45373
626,person,0.794485,98,81,378,305,45530,54481,0.3599632690541781,0,54481_45530_0,54481_45530
627,person,0.8328838,120,57,387,320,45687,54481,0.4030130853994489,0,54481_45687_0,54481_45687
628,person,0.9794779,8,35,361,357,45844,54481,0.6523530762167126,0,54481_45844_0,54481_45844
629,person,0.98516697,30,6,463,360,46001,54481,0.8797176308539945,0,54481_46001_0,54481_46001
630,person,0.98829556,8,36,349,360,46158,54481,0.6340909090909089,0,54481_46158_0,54481_46158
631,person,0.85241693,130,81,380,326,46315,54481,0.3515266299357209,0,54481_46315_0,54481_46315
632,person,0.96364814,8,23,198,360,46472,54481,0.3674816345270891,0,54481_46472_0,54481_46472
633,person,0.54645365,26,21,297,350,46472,54481,0.5117022497704315,1,54481_46472_1,54481_46472
634,person,0.9670857,94,62,353,358,46629,54481,0.4399908172635445,0,54481_46629_0,54481_46629
635,person,0.8099227,206,53,349,358,46786,54481,0.2503156565656566,0,54481_46786_0,54481_46786
636,person,0.9711728,188,46,333,348,46943,54481,0.2513200183654729,0,54481_46943_0,54481_46943
637,person,0.9566701,243,48,322,356,47100,54481,0.1396464646464646,0,54481_47100_0,54481_47100
638,person,0.8901488999999999,272,57,372,335,47100,54481,0.1595500459136822,1,54481_47100_1,54481_47100
639,person,0.98839253,227,40,336,350,47257,54481,0.1939279155188246,0,54481_47257_0,54481_47257
640,person,0.97473574,82,54,273,351,47414,54481,0.3255681818181818,0,54481_47414_0,54481_47414
641,person,0.99566275,247,84,351,360,47571,54481,0.1647382920110192,1,54481_47571_1,54481_47571
642,person,0.57405096,389,90,481,195,47571,54481,0.0554407713498622,0,54481_47571_0,54481_47571
643,person,0.9653504,247,63,414,348,47728,54481,0.2731577134986226,0,54481_47728_0,54481_47728
644,person,0.9911869,219,175,344,358,47885,54481,0.131284435261708,0,54481_47885_0,54481_47885
645,person,0.9930397,200,64,360,360,48042,54481,0.2718089990817263,0,54481_48042_0,54481_48042
646,person,0.9899832,104,45,347,360,48199,54481,0.4393078512396694,0,54481_48199_0,54481_48199
647,person,0.9960491,56,66,318,341,48356,54481,0.413510101010101,0,54481_48356_0,54481_48356
648,horse,0.99909914,7,58,235,360,48513,54481,0.3951790633608816,1,54481_48513_1,54481_48513
649,person,0.99696153,252,97,443,351,48513,54481,0.2784320477502296,0,54481_48513_0,54481_48513
650,person,0.9885599,158,47,396,354,48670,54481,0.4193411386593205,2,54481_48670_2,54481_48670
651,horse,0.72733617,9,0,210,315,48670,54481,0.3633780991735537,0,54481_48670_0,54481_48670
652,cow,0.5558281,1,0,209,328,48670,54481,0.3915518824609734,1,54481_48670_1,54481_48670
653,person,0.9881896,179,48,404,347,48827,54481,0.3861053719008264,0,54481_48827_0,54481_48827
654,horse,0.6147893,6,0,228,345,48827,54481,0.4395661157024793,2,54481_48827_2,54481_48827
655,cow,0.59798014,6,0,218,357,48827,54481,0.4343663911845729,1,54481_48827_1,54481_48827
656,person,0.9955075,202,52,454,352,48984,54481,0.4338842975206612,1,54481_48984_1,54481_48984
657,horse,0.909551,2,0,144,319,48984,54481,0.2599747474747475,0,54481_48984_0,54481_48984
658,person,0.9958824,236,38,478,350,49141,54481,0.4333333333333333,1,54481_49141_1,54481_49141
659,horse,0.9408584,14,0,178,326,49141,54481,0.3068411386593205,0,54481_49141_0,54481_49141
660,person,0.9927434000000002,149,43,433,358,49298,54481,0.5134297520661157,1,54481_49298_1,54481_49298
661,horse,0.79351854,5,0,179,331,49298,54481,0.3305440771349862,0,54481_49298_0,54481_49298
662,person,0.9890505,125,55,408,360,49455,54481,0.4953799357208448,2,54481_49455_2,54481_49455
663,horse,0.5644100999999999,0,0,205,331,49455,54481,0.3894341138659321,1,54481_49455_1,54481_49455
664,cow,0.5609755,6,0,189,329,49455,54481,0.3455406336088154,0,54481_49455_0,54481_49455
665,person,0.98989993,187,19,420,349,49612,54481,0.4412878787878788,1,54481_49612_1,54481_49612
666,cow,0.8017196,7,0,205,351,49612,54481,0.3988636363636364,0,54481_49612_0,54481_49612
667,person,0.97486645,228,0,484,359,49769,54481,0.5274563820018365,1,54481_49769_1,54481_49769
668,horse,0.95371324,54,0,258,351,49769,54481,0.4109504132231405,0,54481_49769_0,54481_49769
669,person,0.9869424,226,0,484,359,49926,54481,0.5315771349862259,1,54481_49926_1,54481_49926
670,horse,0.9523625,60,11,284,349,49926,54481,0.4345270890725436,0,54481_49926_0,54481_49926
671,person,0.85437864,170,0,479,358,50083,54481,0.6348829201101929,1,54481_50083_1,54481_50083
672,horse,0.77237284,144,0,484,360,50083,54481,0.7024793388429752,2,54481_50083_2,54481_50083
673,horse,0.5418349,40,0,306,348,50083,54481,0.531267217630854,0,54481_50083_0,54481_50083
674,person,0.980988,143,29,390,360,50240,54481,0.4692206152433425,1,54481_50240_1,54481_50240
675,person,0.57774615,3,94,99,329,50240,54481,0.1294765840220385,0,54481_50240_0,54481_50240
676,person,0.6841898,217,171,242,233,50397,54481,0.0088957759412304,0,54481_50397_0,54481_50397
677,person,0.6454113,324,130,362,222,50711,54481,0.0200642791551882,0,54481_50711_0,54481_50711
678,person,0.7843884,193,118,281,245,50868,54481,0.0641414141414141,0,54481_50868_0,54481_50868
679,person,0.99029887,90,80,329,360,51025,54481,0.3840679522497704,4,54481_51025_4,54481_51025
680,person,0.9266723,1,109,103,353,51025,54481,0.1428374655647382,2,54481_51025_2,54481_51025
681,person,0.8658778,248,66,363,303,51025,54481,0.1564221763085399,3,54481_51025_3,54481_51025
682,person,0.6486460000000001,387,103,482,237,51025,54481,0.0730601469237832,1,54481_51025_1,54481_51025
683,person,0.56147677,80,142,132,300,51025,54481,0.0471533516988062,0,54481_51025_0,54481_51025
684,person,0.94310343,65,60,266,354,51182,54481,0.3391528925619834,3,54481_51182_3,54481_51182
685,person,0.87648314,211,145,314,356,51182,54481,0.1247302571166207,2,54481_51182_2,54481_51182
686,person,0.86659896,33,80,99,265,51182,54481,0.0700757575757575,1,54481_51182_1,54481_51182
687,person,0.7874013000000001,340,63,424,145,51182,54481,0.0395316804407713,0,54481_51182_0,54481_51182
688,person,0.8856341,77,78,256,355,51339,54481,0.2845672635445362,4,54481_51339_4,54481_51339
689,person,0.8349831,240,127,319,353,51339,54481,0.1024678604224058,3,54481_51339_3,54481_51339
690,person,0.7519573,344,58,428,141,51339,54481,0.0400137741046832,1,54481_51339_1,54481_51339
691,person,0.6794055,25,71,111,241,51339,54481,0.0839072543617998,2,54481_51339_2,54481_51339
692,person,0.58662003,111,66,168,156,51339,54481,0.0294421487603305,0,54481_51339_0,54481_51339
693,person,0.97489434,221,80,411,353,51496,54481,0.2976928374655647,3,54481_51496_3,54481_51496
694,person,0.766554,334,4,416,101,51496,54481,0.045649678604224,1,54481_51496_1,54481_51496
695,person,0.75122166,417,0,482,90,51496,54481,0.0335743801652892,0,54481_51496_0,54481_51496
696,person,0.55117154,249,24,360,127,51496,54481,0.0656163911845729,2,54481_51496_2,54481_51496
697,person,0.94130635,214,61,436,356,51653,54481,0.3758608815426997,1,54481_51653_1,54481_51653
698,person,0.7959006,58,17,248,339,51653,54481,0.3511248852157943,0,54481_51653_0,54481_51653
699,person,0.6398567,124,28,397,354,51653,54481,0.5107782369146006,2,54481_51653_2,54481_51653
700,person,0.732245,152,5,453,355,51810,54481,0.6046258034894398,0,54481_51810_0,54481_51810
701,person,0.948828,231,14,428,326,51967,54481,0.3527548209366391,1,54481_51967_1,54481_51967
702,person,0.74520415,12,2,87,121,51967,54481,0.0512224517906336,0,54481_51967_0,54481_51967
703,person,0.7061619,5,9,330,355,51967,54481,0.6453741965105602,2,54481_51967_2,54481_51967
704,person,0.8590091999999999,60,86,136,233,52124,54481,0.0641184573002754,1,54481_52124_1,54481_52124
705,person,0.7609089,115,93,186,227,52124,54481,0.0546028466483012,0,54481_52124_0,54481_52124
706,person,0.7311446,206,84,316,353,52124,54481,0.1698232323232323,3,54481_52124_3,54481_52124
707,person,0.7184856,168,109,223,346,52124,54481,0.074810606060606,2,54481_52124_2,54481_52124
708,person,0.99591583,143,86,310,353,52281,54481,0.2559056473829201,0,54481_52281_0,54481_52281
709,person,0.9922317,86,60,182,333,52438,54481,0.1504132231404958,1,54481_52438_1,54481_52438
710,person,0.96929127,210,49,347,292,52438,54481,0.1910640495867768,2,54481_52438_2,54481_52438
711,person,0.96526515,153,175,244,357,52438,54481,0.0950528007346189,0,54481_52438_0,54481_52438
712,potted plant,0.6404835999999999,244,167,470,360,52438,54481,0.2503328741965105,3,54481_52438_3,54481_52438
713,person,0.9953158,7,32,184,356,52595,54481,0.3291322314049587,2,54481_52595_2,54481_52595
714,person,0.9884829,168,52,325,350,52595,54481,0.2685146923783288,1,54481_52595_1,54481_52595
715,person,0.98459643,344,135,468,357,52595,54481,0.1579889807162534,0,54481_52595_0,54481_52595
716,person,0.99420786,2,49,167,352,52752,54481,0.2869318181818182,0,54481_52752_0,54481_52752
717,person,0.9939027,250,126,469,357,52752,54481,0.2903409090909091,1,54481_52752_1,54481_52752
718,person,0.9871608,3,25,260,358,52909,54481,0.4911673553719008,1,54481_52909_1,54481_52909
719,person,0.9836997,217,84,461,347,52909,54481,0.3682966023875115,0,54481_52909_0,54481_52909
720,person,0.98971504,0,20,261,349,53066,54481,0.4928202479338843,1,54481_53066_1,54481_53066
721,person,0.92054355,232,95,473,353,53066,54481,0.3568526170798898,0,54481_53066_0,54481_53066
722,person,0.9914153,0,20,262,351,53223,54481,0.4977157943067034,1,54481_53223_1,54481_53223
723,person,0.9786119,206,80,462,356,53223,54481,0.4055096418732783,0,54481_53223_0,54481_53223
724,person,0.9888489,9,28,302,356,53380,54481,0.5515610651974289,1,54481_53380_1,54481_53380
725,person,0.97859657,212,40,440,350,53380,54481,0.4056473829201102,0,54481_53380_0,54481_53380
726,person,0.99436605,89,27,238,357,53537,54481,0.2821969696969697,2,54481_53537_2,54481_53537
727,person,0.9670537,180,27,293,349,53537,54481,0.2088269054178145,1,54481_53537_1,54481_53537
728,person,0.553668,286,0,350,159,53537,54481,0.0584022038567493,0,54481_53537_0,54481_53537
729,person,0.98863274,8,33,159,358,53694,54481,0.2816517447199265,1,54481_53694_1,54481_53694
730,person,0.9320108,128,29,224,348,53694,54481,0.1757575757575757,0,54481_53694_0,54481_53694
731,person,0.99145997,9,7,264,346,53851,54481,0.4961260330578513,1,54481_53851_1,54481_53851
732,person,0.9819241,208,136,430,360,53851,54481,0.2853994490358126,0,54481_53851_0,54481_53851
733,person,0.99424136,5,19,259,353,54008,54481,0.4868916437098255,1,54481_54008_1,54481_54008
734,person,0.98968583,226,138,427,359,54008,54481,0.2549414600550964,0,54481_54008_0,54481_54008
735,person,0.9918507,38,27,353,357,54165,54481,0.5965909090909091,0,54481_54165_0,54481_54165
736,person,0.9930369,66,16,378,355,54322,54481,0.6070247933884297,0,54481_54322_0,54481_54322
737,person,0.9913941,157,43,402,360,54636,54481,0.4457357667584939,2,54481_54636_2,54481_54636
738,person,0.9364799,50,116,178,360,54636,54481,0.1792470156106519,1,54481_54636_1,54481_54636
739,person,0.6837562,274,0,369,162,54636,54481,0.0883264462809917,0,54481_54636_0,54481_54636
740,person,0.9829206,168,71,353,351,54793,54481,0.2972910927456382,0,54481_54793_0,54481_54793
741,person,0.9786769,21,53,265,351,54793,54481,0.4173094582185492,1,54481_54793_1,54481_54793
742,person,0.80277985,80,63,333,353,54793,54481,0.4210858585858585,2,54481_54793_2,54481_54793
743,person,0.95722383,276,120,422,350,54950,54481,0.192722681359045,2,54481_54950_2,54481_54950
744,horse,0.9502417,63,68,306,313,54950,54481,0.3416838842975207,3,54481_54950_3,54481_54950
745,horse,0.76101387,347,67,473,328,54950,54481,0.1887396694214876,1,54481_54950_1,54481_54950
746,horse,0.67385113,349,66,447,244,54950,54481,0.1001147842056933,0,54481_54950_0,54481_54950
747,horse,0.50833935,109,60,388,326,54950,54481,0.4259297520661157,4,54481_54950_4,54481_54950
748,person,0.8037804000000001,160,86,251,297,55107,54481,0.1101985766758494,1,54481_55107_1,54481_55107
749,horse,0.6929426,419,71,479,299,55107,54481,0.0785123966942148,0,54481_55107_0,54481_55107
750,person,0.92327386,86,87,155,240,55264,54481,0.0605888429752066,0,54481_55264_0,54481_55264
751,horse,0.9120889,137,52,434,297,55264,54481,0.4176136363636364,1,54481_55264_1,54481_55264
752,person,0.9925971,275,92,472,357,55421,54481,0.2996154729109274,0,54481_55421_0,54481_55421
753,horse,0.9744454,39,13,276,350,55421,54481,0.4583849862258953,2,54481_55421_2,54481_55421
754,horse,0.54078984,33,4,194,329,55421,54481,0.3003041781450872,1,54481_55421_1,54481_55421
755,person,0.9863427,283,147,473,357,55578,54481,0.2289944903581267,0,54481_55578_0,54481_55578
756,horse,0.6737813,10,14,208,360,55578,54481,0.3931818181818182,1,54481_55578_1,54481_55578
757,person,0.9832761,114,28,270,308,55735,54481,0.2506887052341597,1,54481_55735_1,54481_55735
758,person,0.9427402,256,105,362,285,55735,54481,0.1095041322314049,0,54481_55735_0,54481_55735
759,person,0.99320847,125,66,373,360,55892,54481,0.4184573002754821,1,54481_55892_1,54481_55892
760,person,0.9908454,41,22,219,357,55892,54481,0.3422291092745638,0,54481_55892_0,54481_55892
761,person,0.9917561,34,17,254,358,56049,54481,0.4305555555555556,1,54481_56049_1,54481_56049
762,person,0.99055266,172,70,404,360,56049,54481,0.3861340679522497,0,54481_56049_0,54481_56049
763,person,0.8466004,21,69,319,353,56206,54481,0.4857208448117539,2,54481_56206_2,54481_56206
764,person,0.79750884,215,64,390,343,56206,54481,0.2802169421487603,1,54481_56206_1,54481_56206
765,person,0.5542194,165,0,269,135,56206,54481,0.0805785123966942,0,54481_56206_0,54481_56206
766,person,0.99332607,264,14,461,346,56363,54481,0.3753673094582185,1,54481_56363_1,54481_56363
767,person,0.59340787,138,90,299,356,56363,54481,0.245787419651056,0,54481_56363_0,54481_56363
768,person,0.9934243,4,28,256,343,56520,54481,0.4555785123966942,0,54481_56520_0,54481_56520
769,person,0.969159,200,27,343,298,56677,54481,0.2224116161616161,0,54481_56677_0,54481_56677
770,person,0.9624993,15,145,228,358,56677,54481,0.2603822314049587,1,54481_56677_1,54481_56677
771,person,0.98868096,8,61,148,360,56834,54481,0.2402433425160698,1,54481_56834_1,54481_56834
772,person,0.9395149,166,102,361,289,56834,54481,0.209280303030303,0,54481_56834_0,54481_56834
773,person,0.99371946,44,57,209,360,56991,54481,0.2869318181818182,1,54481_56991_1,54481_56991
774,person,0.9779439,205,65,404,297,56991,54481,0.2649678604224059,0,54481_56991_0,54481_56991
775,person,0.99539256,40,61,208,357,57148,54481,0.2853994490358126,0,54481_57148_0,54481_57148
776,person,0.95826054,174,37,436,304,57148,54481,0.4014807162534435,1,54481_57148_1,54481_57148
777,person,0.99421084,67,27,272,349,57305,54481,0.3788452708907255,0,54481_57305_0,54481_57305
778,person,0.99461055,37,18,309,345,57462,54481,0.5104683195592287,0,54481_57462_0,54481_57462
779,person,0.99445033,29,39,255,353,57619,54481,0.407277318640955,1,54481_57619_1,54481_57619
780,sink,0.5299404000000001,106,327,336,359,57619,54481,0.0422405876951331,0,54481_57619_0,54481_57619
781,person,0.99765426,26,10,305,353,57776,54481,0.5492252066115703,1,54481_57776_1,54481_57776
782,wine glass,0.7781428000000001,184,285,233,360,57776,54481,0.0210915977961432,0,54481_57776_0,54481_57776
783,person,0.992006,140,81,230,331,57933,54481,0.1291322314049586,1,54481_57933_1,54481_57933
784,horse,0.95388144,374,68,482,189,57933,54481,0.075,0,54481_57933_0,54481_57933
785,person,0.99232846,60,64,325,357,58090,54481,0.4456209825528008,0,54481_58090_0,54481_58090
786,umbrella,0.67418355,0,0,415,300,58090,54481,0.7145316804407713,1,54481_58090_1,54481_58090
787,person,0.9879503,1,1,433,357,58247,54481,0.8826446280991735,0,54481_58247_0,54481_58247
788,person,0.97925377,82,0,416,357,58404,54481,0.684331955922865,1,54481_58404_1,54481_58404
789,person,0.9236565,23,125,76,236,58404,54481,0.0337637741046832,0,54481_58404_0,54481_58404
790,person,0.9821999,162,102,349,360,58561,54481,0.2768939393939394,3,54481_58561_3,54481_58561
791,person,0.9262011999999998,18,118,66,223,58561,54481,0.0289256198347107,1,54481_58561_1,54481_58561
792,person,0.88517547,86,121,132,212,58561,54481,0.0240243342516069,0,54481_58561_0,54481_58561
793,person,0.8242394000000001,235,13,385,281,58561,54481,0.2307162534435261,2,54481_58561_2,54481_58561
794,person,0.6788483000000001,188,28,365,311,58561,54481,0.287482782369146,4,54481_58561_4,54481_58561
795,person,0.9902767,216,119,351,358,58718,54481,0.1851756198347108,6,54481_58718_6,54481_58718
796,person,0.932547,65,95,142,338,58718,54481,0.1073863636363636,5,54481_58718_5,54481_58718
797,person,0.8652919,408,101,448,218,58718,54481,0.0268595041322314,2,54481_58718_2,54481_58718
798,person,0.6745868,169,90,212,173,58718,54481,0.0204832415059687,1,54481_58718_1,54481_58718
799,person,0.6711233,120,91,151,193,58718,54481,0.0181473829201102,0,54481_58718_0,54481_58718
800,person,0.63315487,287,45,364,285,58718,54481,0.106060606060606,4,54481_58718_4,54481_58718
801,chair,0.5086622000000001,412,153,482,305,58718,54481,0.0610651974288337,3,54481_58718_3,54481_58718
802,person,0.994477,327,25,467,360,58875,54481,0.2691689623507805,4,54481_58875_4,54481_58875
803,person,0.9551368,182,85,304,357,58875,54481,0.1904499540863177,3,54481_58875_3,54481_58875
804,person,0.89062434,287,89,339,349,58875,54481,0.0775941230486685,2,54481_58875_2,54481_58875
805,person,0.6999125,5,231,47,322,58875,54481,0.0219352617079889,0,54481_58875_0,54481_58875
806,person,0.6089217,117,242,179,356,58875,54481,0.040564738292011,1,54481_58875_1,54481_58875
807,person,0.9942953,258,23,478,358,59032,54481,0.422979797979798,2,54481_59032_2,54481_59032
808,person,0.9796254,84,112,229,359,59032,54481,0.2055498163452709,1,54481_59032_1,54481_59032
809,person,0.7977331999999999,158,110,245,311,59032,54481,0.1003615702479338,0,54481_59032_0,54481_59032
810,person,0.99253416,249,13,482,356,59189,54481,0.4586719467401286,2,54481_59189_2,54481_59189
811,person,0.9728367,142,113,237,349,59189,54481,0.1286730945821854,0,54481_59189_0,54481_59189
812,person,0.9674951,27,97,173,360,59189,54481,0.2203741965105601,1,54481_59189_1,54481_59189
813,person,0.9967315,256,30,480,359,59346,54481,0.4229568411386593,3,54481_59346_3,54481_59346
814,person,0.9831244,26,109,174,359,59346,54481,0.2123507805325987,2,54481_59346_2,54481_59346
815,person,0.9609897,146,113,237,341,59346,54481,0.1190771349862259,1,54481_59346_1,54481_59346
816,tie,0.5131826,95,199,132,346,59346,54481,0.031215564738292,0,54481_59346_0,54481_59346
817,person,0.9976463,255,27,477,358,59503,54481,0.421728650137741,2,54481_59503_2,54481_59503
818,person,0.98318547,30,97,180,359,59503,54481,0.2255509641873278,1,54481_59503_1,54481_59503
819,person,0.9599942,149,118,245,349,59503,54481,0.1272727272727272,0,54481_59503_0,54481_59503
820,person,0.9834253,100,108,273,360,59660,54481,0.2502066115702479,4,54481_59660_4,54481_59660
821,person,0.94200236,388,26,483,335,59660,54481,0.168474517906336,3,54481_59660_3,54481_59660
822,person,0.9073647,3,58,104,318,59660,54481,0.1507116620752984,2,54481_59660_2,54481_59660
823,person,0.7970411999999999,392,27,482,211,59660,54481,0.0950413223140496,1,54481_59660_1,54481_59660
824,person,0.6075198,4,54,49,145,59660,54481,0.0235020661157024,0,54481_59660_0,54481_59660
825,person,0.98351467,102,112,242,326,59817,54481,0.1719467401285583,1,54481_59817_1,54481_59817
826,person,0.98072284,360,24,482,354,59817,54481,0.231060606060606,2,54481_59817_2,54481_59817
827,person,0.66124135,4,62,99,328,59817,54481,0.1450298438934802,0,54481_59817_0,54481_59817
828,person,0.9884465,111,122,251,353,59974,54481,0.1856060606060606,1,54481_59974_1,54481_59974
829,person,0.97717834,361,33,481,354,59974,54481,0.2210743801652892,2,54481_59974_2,54481_59974
830,person,0.8611169,3,43,61,315,59974,54481,0.0905417814508723,0,54481_59974_0,54481_59974
831,person,0.96845776,64,125,201,345,60131,54481,0.1729797979797979,2,54481_60131_2,54481_60131
832,person,0.9540751,248,43,420,360,60131,54481,0.3129247015610652,4,54481_60131_4,54481_60131
833,person,0.71326256,372,80,453,317,60131,54481,0.1101756198347107,1,54481_60131_1,54481_60131
834,person,0.6883307,308,46,432,356,60131,54481,0.2206152433425161,3,54481_60131_3,54481_60131
835,person,0.61871207,426,109,475,345,60131,54481,0.0663682277318641,0,54481_60131_0,54481_60131
836,person,0.9827642,68,114,205,350,60288,54481,0.1855601469237832,1,54481_60288_1,54481_60288
837,person,0.9817664,234,49,415,358,60288,54481,0.3209882920110193,2,54481_60288_2,54481_60288
838,person,0.9456545,364,71,456,340,60288,54481,0.1420339761248852,0,54481_60288_0,54481_60288
839,person,0.98725665,192,48,347,360,60445,54481,0.2775482093663912,3,54481_60445_3,54481_60445
840,person,0.95612997,0,79,114,356,60445,54481,0.181232782369146,2,54481_60445_2,54481_60445
841,person,0.9445232,90,91,186,355,60445,54481,0.1454545454545454,1,54481_60445_1,54481_60445
842,person,0.9275152,334,74,424,349,60445,54481,0.1420454545454545,0,54481_60445_0,54481_60445
843,person,0.98953855,0,22,158,355,60602,54481,0.3019628099173553,4,54481_60602_4,54481_60602
844,person,0.98344225,154,107,313,353,60602,54481,0.2244834710743801,2,54481_60602_2,54481_60602
845,person,0.9820932,308,47,470,358,60602,54481,0.2891528925619834,3,54481_60602_3,54481_60602
846,person,0.91216224,272,20,343,277,60602,54481,0.1047233700642791,1,54481_60602_1,54481_60602
847,person,0.5455591999999999,167,34,245,192,60602,54481,0.0707300275482093,0,54481_60602_0,54481_60602
848,person,0.9847291,307,48,475,355,60759,54481,0.2960055096418733,4,54481_60759_4,54481_60759
849,person,0.9789064,178,81,325,355,60759,54481,0.23116391184573,2,54481_60759_2,54481_60759
850,person,0.96850115,1,43,161,360,60759,54481,0.2910927456382002,3,54481_60759_3,54481_60759
851,person,0.83098406,176,26,245,238,60759,54481,0.0839531680440771,0,54481_60759_0,54481_60759
852,person,0.62563473,280,24,349,251,60759,54481,0.0898932506887052,1,54481_60759_1,54481_60759
853,person,0.98623264,250,75,480,357,60916,54481,0.3722451790633609,4,54481_60916_4,54481_60916
854,person,0.96644443,0,26,141,359,60916,54481,0.2694731404958678,3,54481_60916_3,54481_60916
855,person,0.960645,156,85,293,360,60916,54481,0.2162247474747475,2,54481_60916_2,54481_60916
856,person,0.9504698,269,21,345,226,60916,54481,0.089416896235078,1,54481_60916_1,54481_60916
857,person,0.67597806,160,31,230,211,60916,54481,0.0723140495867768,0,54481_60916_0,54481_60916
858,person,0.97234374,24,75,274,352,61073,54481,0.3974403122130395,3,54481_61073_3,54481_61073
859,person,0.88946676,270,71,452,351,61073,54481,0.2924701561065197,2,54481_61073_2,54481_61073
860,person,0.6205351,339,74,474,354,61073,54481,0.2169421487603304,1,54481_61073_1,54481_61073
861,person,0.57550395,127,116,176,164,61073,54481,0.0134986225895316,0,54481_61073_0,54481_61073
862,person,0.8351993000000001,213,0,474,344,61230,54481,0.5152892561983471,4,54481_61230_4,54481_61230
863,person,0.7698513000000001,19,127,209,352,61230,54481,0.2453512396694215,3,54481_61230_3,54481_61230
864,person,0.73797345,199,149,370,353,61230,54481,0.2002066115702479,2,54481_61230_2,54481_61230
865,person,0.7085653000000001,157,133,244,288,61230,54481,0.0773932506887052,1,54481_61230_1,54481_61230
866,remote,0.69439673,262,204,291,237,61230,54481,0.0054924242424242,0,54481_61230_0,54481_61230
867,person,0.9960977,394,62,480,359,61387,54481,0.146590909090909,2,54481_61387_2,54481_61387
868,person,0.98430693,160,77,280,351,61387,54481,0.1887052341597796,4,54481_61387_4,54481_61387
869,horse,0.93454784,77,79,174,348,61387,54481,0.1497532139577594,3,54481_61387_3,54481_61387
870,person,0.83094066,0,114,40,337,61387,54481,0.0511937557392102,1,54481_61387_1,54481_61387
871,person,0.59508187,256,245,286,328,61387,54481,0.0142906336088154,0,54481_61387_0,54481_61387
872,person,0.9883603,78,51,231,355,61544,54481,0.2669421487603305,3,54481_61544_3,54481_61544
873,person,0.9618271,335,86,427,350,61544,54481,0.1393939393939394,2,54481_61544_2,54481_61544
874,person,0.9435043,397,85,478,353,61544,54481,0.1245867768595041,0,54481_61544_0,54481_61544
875,person,0.8401629,2,47,78,360,61544,54481,0.1365243342516069,1,54481_61544_1,54481_61544
876,person,0.99202055,108,85,193,356,61701,54481,0.1322027089072543,2,54481_61701_2,54481_61701
877,person,0.9847765,282,111,464,351,61701,54481,0.2506887052341597,5,54481_61701_5,54481_61701
878,person,0.9726104,17,96,117,359,61701,54481,0.150941230486685,4,54481_61701_4,54481_61701
879,person,0.9246137,274,68,369,319,61701,54481,0.1368514692378328,3,54481_61701_3,54481_61701
880,person,0.8240036000000001,97,37,170,160,61701,54481,0.0515323691460055,1,54481_61701_1,54481_61701
881,person,0.7845091,21,34,73,169,61701,54481,0.0402892561983471,0,54481_61701_0,54481_61701
882,person,0.9883237,401,88,478,351,61858,54481,0.1162247474747474,2,54481_61858_2,54481_61858
883,person,0.98516953,134,57,260,355,61858,54481,0.215495867768595,6,54481_61858_6,54481_61858
884,person,0.9842539,245,89,331,356,61858,54481,0.1317837465564738,4,54481_61858_4,54481_61858
885,horse,0.97020334,2,76,106,358,61858,54481,0.1683195592286501,5,54481_61858_5,54481_61858
886,person,0.9641752,319,92,404,359,61858,54481,0.1302513774104683,3,54481_61858_3,54481_61858
887,person,0.53128344,393,39,459,166,61858,54481,0.0481060606060606,1,54481_61858_1,54481_61858
888,person,0.52857554,317,40,374,111,61858,54481,0.0232265840220385,0,54481_61858_0,54481_61858
889,horse,0.9883825,0,73,159,360,62015,54481,0.2618973829201101,6,54481_62015_6,54481_62015
890,person,0.98713243,393,88,474,355,62015,54481,0.1241219008264462,3,54481_62015_3,54481_62015
891,person,0.9449251,314,91,405,358,62015,54481,0.1394455922865014,4,54481_62015_4,54481_62015
892,person,0.92658794,144,57,286,354,62015,54481,0.2420454545454545,5,54481_62015_5,54481_62015
893,person,0.9255012,255,98,327,349,62015,54481,0.1037190082644628,2,54481_62015_2,54481_62015
894,person,0.6568082,387,35,460,156,62015,54481,0.0506944444444444,1,54481_62015_1,54481_62015
895,person,0.6275944,315,38,371,122,62015,54481,0.0269972451790633,0,54481_62015_0,54481_62015
896,person,0.98660034,95,85,176,356,62172,54481,0.1259814049586776,2,54481_62172_2,54481_62172
897,person,0.9775864,7,87,102,358,62172,54481,0.147755968778696,4,54481_62172_4,54481_62172
898,person,0.9214917,276,107,462,349,62172,54481,0.2583333333333333,5,54481_62172_5,54481_62172
899,person,0.85482883,261,74,355,323,62172,54481,0.134331955922865,3,54481_62172_3,54481_62172
900,person,0.7962707,89,38,159,144,62172,54481,0.042584940312213,1,54481_62172_1,54481_62172
901,person,0.51785,11,37,66,130,62172,54481,0.0293560606060606,0,54481_62172_0,54481_62172
902,person,0.9774354,6,82,140,352,62329,54481,0.2076446280991736,4,54481_62329_4,54481_62329
903,person,0.9752299,232,93,395,355,62329,54481,0.2450987144168962,5,54481_62329_5,54481_62329
904,person,0.9281605,107,115,194,352,62329,54481,0.1183367768595041,3,54481_62329_3,54481_62329
905,person,0.8725141,244,59,305,223,62329,54481,0.0574150596877869,1,54481_62329_1,54481_62329
906,person,0.79002047,185,125,270,341,62329,54481,0.1053719008264462,2,54481_62329_2,54481_62329
907,person,0.6794789999999999,163,64,222,165,62329,54481,0.0341999540863177,0,54481_62329_0,54481_62329
908,person,0.989151,3,26,214,357,62486,54481,0.4008321854912764,4,54481_62486_4,54481_62486
909,person,0.95622414,365,105,471,358,62486,54481,0.1539141414141414,2,54481_62486_2,54481_62486
910,person,0.93858236,244,21,399,360,62486,54481,0.3015668044077135,3,54481_62486_3,54481_62486
911,person,0.912691,190,102,285,335,62486,54481,0.127037419651056,1,54481_62486_1,54481_62486
912,person,0.8243995999999999,402,34,482,196,62486,54481,0.0743801652892562,0,54481_62486_0,54481_62486
913,person,0.9598881,50,12,239,356,62643,54481,0.3731404958677686,5,54481_62643_5,54481_62643
914,person,0.93010247,199,54,385,356,62643,54481,0.3223829201101928,4,54481_62643_4,54481_62643
915,person,0.8193457000000001,374,128,446,289,62643,54481,0.0665289256198347,2,54481_62643_2,54481_62643
916,person,0.7733972,428,43,478,235,62643,54481,0.0550964187327823,1,54481_62643_1,54481_62643
917,person,0.6988535,423,49,482,334,62643,54481,0.0965048209366391,3,54481_62643_3,54481_62643
918,tie,0.515546,394,201,422,277,62643,54481,0.0122130394857667,0,54481_62643_0,54481_62643
919,person,0.97054774,17,25,239,351,62800,54481,0.4153581267217631,4,54481_62800_4,54481_62800
920,person,0.9337451,247,42,406,357,62800,54481,0.287448347107438,3,54481_62800_3,54481_62800
921,person,0.9057755,377,121,453,356,62800,54481,0.1025022956841138,2,54481_62800_2,54481_62800
922,person,0.831068,430,34,483,338,62800,54481,0.0924701561065197,0,54481_62800_0,54481_62800
923,person,0.8179732,214,112,313,282,62800,54481,0.096590909090909,1,54481_62800_1,54481_62800
924,person,0.98807204,91,21,348,354,62957,54481,0.4911673553719008,1,54481_62957_1,54481_62957
925,person,0.60905266,8,37,196,348,62957,54481,0.3355601469237833,0,54481_62957_0,54481_62957
926,person,0.98932976,123,39,386,359,63114,54481,0.4830119375573921,1,54481_63114_1,54481_63114
927,horse,0.7582718,0,14,185,353,63114,54481,0.3599345730027548,0,54481_63114_0,54481_63114
928,person,0.99133027,161,30,348,351,63271,54481,0.3445075757575757,0,54481_63271_0,54481_63271
929,person,0.98226595,5,59,133,356,63428,54481,0.2181818181818181,5,54481_63428_5,54481_63428
930,person,0.98013455,322,50,433,360,63428,54481,0.1974862258953168,4,54481_63428_4,54481_63428
931,person,0.9752313,132,54,269,355,63428,54481,0.2366678145087236,6,54481_63428_6,54481_63428
932,person,0.9487084,252,60,346,357,63428,54481,0.1602272727272727,3,54481_63428_3,54481_63428
933,person,0.8225908000000002,408,87,474,338,63428,54481,0.0950757575757575,2,54481_63428_2,54481_63428
934,person,0.7517859,102,0,162,165,63428,54481,0.0568181818181818,1,54481_63428_1,54481_63428
935,person,0.6419619000000001,185,0,257,105,63428,54481,0.0433884297520661,0,54481_63428_0,54481_63428
936,person,0.9913926,148,38,296,357,63585,54481,0.270959595959596,6,54481_63585_6,54481_63585
937,person,0.9802555,19,68,149,356,63585,54481,0.2148760330578512,5,54481_63585_5,54481_63585
938,person,0.97765607,329,54,437,352,63585,54481,0.1847107438016529,4,54481_63585_4,54481_63585
939,person,0.8079923000000001,413,87,474,320,63585,54481,0.0815713957759412,2,54481_63585_2,54481_63585
940,person,0.7670541000000001,101,6,165,173,63585,54481,0.0613406795224977,1,54481_63585_1,54481_63585
941,person,0.7121473,265,70,354,350,63585,54481,0.1430211202938475,3,54481_63585_3,54481_63585
942,person,0.5749715999999999,418,92,463,188,63585,54481,0.024793388429752,0,54481_63585_0,54481_63585
943,person,0.99263966,137,85,286,355,63742,54481,0.2308884297520661,6,54481_63742_6,54481_63742
944,person,0.98317313,329,60,433,360,63742,54481,0.1790633608815427,4,54481_63742_4,54481_63742
945,person,0.98109484,10,63,139,355,63742,54481,0.2161845730027548,5,54481_63742_5,54481_63742
946,person,0.9419265,257,70,351,356,63742,54481,0.1542929292929293,3,54481_63742_3,54481_63742
947,person,0.87309587,413,93,472,333,63742,54481,0.081267217630854,2,54481_63742_2,54481_63742
948,person,0.7750922,99,7,168,177,63742,54481,0.0673209366391184,1,54481_63742_1,54481_63742
949,person,0.6557581,180,3,254,139,63742,54481,0.0577594123048668,0,54481_63742_0,54481_63742
950,person,0.98722947,124,44,277,354,63899,54481,0.2722107438016529,6,54481_63899_6,54481_63899
951,person,0.9808564,342,66,445,354,63899,54481,0.1702479338842975,5,54481_63899_5,54481_63899
952,person,0.91584706,422,100,477,318,63899,54481,0.0688131313131313,2,54481_63899_2,54481_63899
953,person,0.90351915,37,84,147,346,63899,54481,0.1654040404040404,4,54481_63899_4,54481_63899
954,person,0.90104514,265,71,363,352,63899,54481,0.1580463728191,3,54481_63899_3,54481_63899
955,person,0.661934,112,9,169,139,63899,54481,0.0425275482093663,0,54481_63899_0,54481_63899
956,person,0.6431119000000001,202,6,265,141,63899,54481,0.0488119834710743,1,54481_63899_1,54481_63899
957,person,0.99054015,179,111,283,321,64056,54481,0.1253443526170798,7,54481_64056_7,54481_64056
958,person,0.9718683,20,108,98,306,64056,54481,0.0886363636363636,5,54481_64056_5,54481_64056
959,person,0.9196331,96,107,162,301,64056,54481,0.0734848484848484,4,54481_64056_4,54481_64056
960,person,0.7667792,332,80,402,248,64056,54481,0.0674931129476584,3,54481_64056_3,54481_64056
961,person,0.6859097,341,109,453,322,64056,54481,0.1369146005509642,8,54481_64056_8,54481_64056
962,person,0.67279255,152,114,199,294,64056,54481,0.0485537190082644,2,54481_64056_2,54481_64056
963,person,0.6519446999999999,84,65,132,171,64056,54481,0.0292011019283746,0,54481_64056_0,54481_64056
964,person,0.65174973,290,118,340,279,64056,54481,0.0462006427915518,1,54481_64056_1,54481_64056
965,person,0.5009258,334,99,418,289,64056,54481,0.0915977961432506,6,54481_64056_6,54481_64056
966,person,0.9716476,108,108,178,292,64213,54481,0.073921028466483,6,54481_64213_6,54481_64213
967,person,0.9288457,30,115,94,286,64213,54481,0.0628099173553719,5,54481_64213_5,54481_64213
968,person,0.7367451999999999,173,127,214,281,64213,54481,0.0362373737373737,1,54481_64213_1,54481_64213
969,person,0.64600587,209,118,258,276,64213,54481,0.0444329660238751,3,54481_64213_3,54481_64213
970,person,0.5789928000000001,331,114,455,330,64213,54481,0.1537190082644628,7,54481_64213_7,54481_64213
971,person,0.57055783,146,61,200,167,64213,54481,0.0328512396694214,0,54481_64213_0,54481_64213
972,person,0.5353471,82,113,123,287,64213,54481,0.0409435261707989,2,54481_64213_2,54481_64213
973,person,0.5043746,334,91,405,229,64213,54481,0.056232782369146,4,54481_64213_4,54481_64213
974,person,0.98247737,212,110,319,328,64370,54481,0.1338728191000918,8,54481_64370_8,54481_64370
975,person,0.86836714,104,111,151,271,64370,54481,0.0431588613406795,5,54481_64370_5,54481_64370
976,person,0.8289254,325,97,441,331,64370,54481,0.1557851239669421,9,54481_64370_9,54481_64370
977,person,0.76874256,171,124,215,279,64370,54481,0.0391414141414141,2,54481_64370_2,54481_64370
978,person,0.76078826,67,110,115,277,64370,54481,0.0460055096418732,6,54481_64370_6,54481_64370
979,person,0.6037435,17,122,55,273,64370,54481,0.0329315886134067,0,54481_64370_0,54481_64370
980,person,0.5979807,143,61,204,229,64370,54481,0.0588154269972451,7,54481_64370_7,54481_64370
981,person,0.58662874,26,121,73,273,64370,54481,0.0410009182736455,3,54481_64370_3,54481_64370
982,person,0.5852255999999999,206,121,244,277,64370,54481,0.0340220385674931,1,54481_64370_1,54481_64370
983,person,0.5210332000000001,142,112,185,282,64370,54481,0.0419536271808999,4,54481_64370_4,54481_64370
984,person,0.9934273,156,97,244,321,64527,54481,0.1131313131313131,6,54481_64527_6,54481_64527
985,person,0.94990164,54,117,112,276,64527,54481,0.052926997245179,5,54481_64527_5,54481_64527
986,person,0.9050043,323,98,449,330,64527,54481,0.1677685950413223,7,54481_64527_7,54481_64527
987,person,0.8102245,287,116,337,276,64527,54481,0.0459136822773186,3,54481_64527_3,54481_64527
988,person,0.79291105,101,111,152,274,64527,54481,0.0477100550964187,4,54481_64527_4,54481_64527
989,person,0.74791217,15,113,63,267,64527,54481,0.0424242424242424,2,54481_64527_2,54481_64527
990,person,0.5212619000000001,148,61,193,153,64527,54481,0.0237603305785124,1,54481_64527_1,54481_64527
991,person,0.5091551,86,66,132,148,64527,54481,0.0216483011937557,0,54481_64527_0,54481_64527
992,person,0.99240196,187,88,277,330,64684,54481,0.125,7,54481_64684_7,54481_64684
993,person,0.9444945,49,110,117,275,64684,54481,0.0643939393939393,4,54481_64684_4,54481_64684
994,person,0.8381411,334,105,449,331,64684,54481,0.1491620752984389,8,54481_64684_8,54481_64684
995,person,0.78373,288,117,334,275,64684,54481,0.0417125803489439,2,54481_64684_2,54481_64684
996,person,0.7723108,96,103,150,275,64684,54481,0.0533057851239669,3,54481_64684_3,54481_64684
997,person,0.74587494,11,119,50,260,64684,54481,0.0315599173553719,0,54481_64684_0,54481_64684
998,person,0.69086826,170,117,214,279,64684,54481,0.0409090909090909,1,54481_64684_1,54481_64684
999,person,0.6108318,140,65,201,267,64684,54481,0.07071854912764,5,54481_64684_5,54481_64684
1000,person,0.5873735999999999,336,86,410,286,64684,54481,0.0849403122130394,6,54481_64684_6,54481_64684
1001,person,0.9952668,164,106,250,330,64841,54481,0.1105601469237832,5,54481_64841_5,54481_64841
1002,person,0.9693945,6,118,62,268,64841,54481,0.0482093663911845,3,54481_64841_3,54481_64841
1003,person,0.90274084,57,119,122,272,64841,54481,0.0570764462809917,4,54481_64841_4,54481_64841
1004,person,0.8791996,287,127,453,336,64841,54481,0.1991161616161616,6,54481_64841_6,54481_64841
1005,person,0.6102613,281,127,329,286,64841,54481,0.0438016528925619,2,54481_64841_2,54481_64841
1006,person,0.5737477,109,96,152,263,64841,54481,0.0412132690541781,1,54481_64841_1,54481_64841
1007,person,0.52479315,138,66,189,162,64841,54481,0.028099173553719,0,54481_64841_0,54481_64841
1008,person,0.9930187,189,71,290,329,64998,54481,0.1495523415977961,4,54481_64998_4,54481_64998
1009,person,0.9456832,52,103,116,259,64998,54481,0.0573002754820936,2,54481_64998_2,54481_64998
1010,person,0.8998259,114,105,171,263,64998,54481,0.0516873278236914,1,54481_64998_1,54481_64998
1011,person,0.6110350999999999,256,122,304,267,64998,54481,0.0399449035812672,0,54481_64998_0,54481_64998
1012,person,0.54286236,363,102,479,307,64998,54481,0.1364784205693296,3,54481_64998_3,54481_64998
1013,person,0.94984895,155,95,261,281,65155,54481,0.1131542699724518,4,54481_65155_4,54481_65155
1014,person,0.9470364,19,111,75,259,65155,54481,0.0475665748393021,1,54481_65155_1,54481_65155
1015,person,0.8699908000000002,68,108,131,264,65155,54481,0.0564049586776859,3,54481_65155_3,54481_65155
1016,person,0.65549845,347,95,419,221,65155,54481,0.0520661157024793,2,54481_65155_2,54481_65155
1017,person,0.62778646,124,91,169,268,65155,54481,0.0457128099173553,0,54481_65155_0,54481_65155
1018,person,0.60750777,309,103,465,319,65155,54481,0.1933884297520661,5,54481_65155_5,54481_65155
1019,person,0.9179496,128,70,220,331,65312,54481,0.1378099173553719,6,54481_65312_6,54481_65312
1020,person,0.8571294,60,92,125,235,65312,54481,0.0533459595959595,3,54481_65312_3,54481_65312
1021,person,0.80708736,270,102,316,254,65312,54481,0.0401285583103764,1,54481_65312_1,54481_65312
1022,person,0.76200396,200,139,261,256,65312,54481,0.0409607438016528,2,54481_65312_2,54481_65312
1023,person,0.65809387,200,39,251,124,65312,54481,0.024879476584022,0,54481_65312_0,54481_65312
1024,person,0.632599,116,69,180,334,65312,54481,0.0973370064279155,4,54481_65312_4,54481_65312
1025,person,0.5804233,369,74,471,289,65312,54481,0.1258608815426997,5,54481_65312_5,54481_65312
1026,person,0.9856704,247,58,362,319,65469,54481,0.1722623966942148,4,54481_65469_4,54481_65469
1027,person,0.9694839,146,96,208,251,65469,54481,0.055153810835629,3,54481_65469_3,54481_65469
1028,person,0.8716280999999999,347,109,395,258,65469,54481,0.0410468319559228,0,54481_65469_0,54481_65469
1029,person,0.8648982,201,93,256,255,65469,54481,0.0511363636363636,2,54481_65469_2,54481_65469
1030,person,0.6139518,418,93,467,267,65469,54481,0.0489325068870523,1,54481_65469_1,54481_65469
1031,person,0.98137087,184,102,282,336,65626,54481,0.1316115702479338,6,54481_65626_6,54481_65626
1032,person,0.87358713,372,112,429,275,65626,54481,0.0533230027548209,4,54481_65626_4,54481_65626
1033,person,0.7806396,306,104,358,271,65626,54481,0.0498393021120293,3,54481_65626_3,54481_65626
1034,person,0.6639085,370,106,402,272,65626,54481,0.0304866850321395,1,54481_65626_1,54481_65626
1035,person,0.6632723,160,101,220,259,65626,54481,0.0544077134986225,5,54481_65626_5,54481_65626
1036,person,0.55765456,428,103,469,229,65626,54481,0.0296487603305785,0,54481_65626_0,54481_65626
1037,person,0.5382158,337,108,375,271,65626,54481,0.0355486685032139,2,54481_65626_2,54481_65626
1038,person,0.98840183,0,61,135,358,65783,54481,0.2301136363636363,7,54481_65783_7,54481_65783
1039,person,0.95426697,174,108,252,332,65783,54481,0.1002754820936639,5,54481_65783_5,54481_65783
1040,person,0.8829819999999999,327,35,458,324,65783,54481,0.2172807621671258,6,54481_65783_6,54481_65783
1041,person,0.8380749,297,102,365,334,65783,54481,0.0905417814508723,4,54481_65783_4,54481_65783
1042,person,0.70857584,258,102,313,272,65783,54481,0.0536616161616161,1,54481_65783_1,54481_65783
1043,person,0.6490057,96,114,153,321,65783,54481,0.0677169421487603,3,54481_65783_3,54481_65783
1044,person,0.6390812,136,102,185,325,65783,54481,0.0627123507805326,2,54481_65783_2,54481_65783
1045,person,0.580754,108,32,180,147,65783,54481,0.0475206611570248,0,54481_65783_0,54481_65783
1046,person,0.98305583,2,37,125,360,65940,54481,0.228013085399449,6,54481_65940_6,54481_65940
1047,person,0.91439736,125,112,203,330,65940,54481,0.0975895316804407,1,54481_65940_1,54481_65940
1048,person,0.9063999,236,108,317,331,65940,54481,0.1036673553719008,2,54481_65940_2,54481_65940
1049,person,0.8950846,287,38,402,290,65940,54481,0.1663223140495867,4,54481_65940_4,54481_65940
1050,person,0.83741033,197,102,252,254,65940,54481,0.0479797979797979,0,54481_65940_0,54481_65940
1051,person,0.8332212,333,81,475,337,65940,54481,0.2086317722681359,5,54481_65940_5,54481_65940
1052,person,0.60994947,384,83,480,280,65940,54481,0.1085399449035812,3,54481_65940_3,54481_65940
1053,person,0.9873329,177,135,412,351,66097,54481,0.2913223140495867,0,54481_66097_0,54481_66097
1054,person,0.9763025,2,45,134,358,66254,54481,0.2371212121212121,4,54481_66254_4,54481_66254
1055,person,0.91404355,126,108,206,328,66254,54481,0.101010101010101,1,54481_66254_1,54481_66254
1056,person,0.88375837,303,85,484,345,66254,54481,0.2700872359963269,5,54481_66254_5,54481_66254
1057,person,0.85603446,300,45,419,283,66254,54481,0.1625459136822773,3,54481_66254_3,54481_66254
1058,person,0.7975706,237,94,330,335,66254,54481,0.1286329201101928,2,54481_66254_2,54481_66254
1059,person,0.76373285,204,100,264,252,66254,54481,0.0523415977961432,0,54481_66254_0,54481_66254
1060,person,0.9860388,0,44,143,353,66411,54481,0.2535984848484848,7,54481_66411_7,54481_66411
1061,person,0.9500257,125,127,206,353,66411,54481,0.1050619834710744,3,54481_66411_3,54481_66411
1062,person,0.94439274,320,115,481,350,66411,54481,0.2171430211202938,5,54481_66411_5,54481_66411
1063,person,0.87731797,298,58,414,318,66411,54481,0.1730945821854912,4,54481_66411_4,54481_66411
1064,person,0.7420177,251,111,319,348,66411,54481,0.0924931129476584,2,54481_66411_2,54481_66411
1065,person,0.7312261999999999,203,121,265,269,66411,54481,0.0526629935720844,1,54481_66411_1,54481_66411
1066,person,0.5679177,71,47,128,138,66411,54481,0.0297692837465564,0,54481_66411_0,54481_66411
1067,person,0.5262133000000001,278,93,440,345,66411,54481,0.234297520661157,6,54481_66411_6,54481_66411
1068,person,0.9922382,0,61,130,360,66568,54481,0.2230831037649219,6,54481_66568_6,54481_66568
1069,person,0.9413702,315,99,481,347,66568,54481,0.2362718089990817,7,54481_66568_7,54481_66568
1070,person,0.9110557,118,119,194,342,66568,54481,0.0972681359044995,4,54481_66568_4,54481_66568
1071,person,0.8847993000000001,297,72,409,302,66568,54481,0.147842056932966,5,54481_66568_5,54481_66568
1072,person,0.76393485,207,114,261,264,66568,54481,0.0464876033057851,1,54481_66568_1,54481_66568
1073,person,0.71914315,255,113,326,347,66568,54481,0.0953512396694214,3,54481_66568_3,54481_66568
1074,person,0.64822555,74,40,123,141,66568,54481,0.0284033516988062,0,54481_66568_0,54481_66568
1075,person,0.55355775,148,119,209,340,66568,54481,0.0773702938475665,2,54481_66568_2,54481_66568
1076,person,0.99116653,263,95,436,359,66725,54481,0.2621212121212121,5,54481_66725_5,54481_66725
1077,person,0.94153047,141,51,277,345,66725,54481,0.2294765840220385,4,54481_66725_4,54481_66725
1078,person,0.75856084,57,91,106,328,66725,54481,0.0666494490358126,3,54481_66725_3,54481_66725
1079,person,0.7447214,99,91,150,314,66725,54481,0.0652720385674931,2,54481_66725_2,54481_66725
1080,person,0.7006535,260,91,313,251,66725,54481,0.0486685032139577,1,54481_66725_1,54481_66725
1081,person,0.56045276,1,9,56,163,66725,54481,0.0486111111111111,0,54481_66725_0,54481_66725
1082,person,0.94693166,406,98,483,360,66882,54481,0.1157828282828282,4,54481_66882_4,54481_66882
1083,person,0.87053496,233,140,313,299,66882,54481,0.0730027548209366,3,54481_66882_3,54481_66882
1084,person,0.84416896,268,74,438,353,66882,54481,0.2722107438016529,6,54481_66882_6,54481_66882
1085,person,0.7934104000000001,153,137,227,301,66882,54481,0.0696510560146923,2,54481_66882_2,54481_66882
1086,person,0.7694641,53,49,127,196,66882,54481,0.062431129476584,1,54481_66882_1,54481_66882
1087,person,0.57045066,216,137,262,223,66882,54481,0.022704315886134,0,54481_66882_0,54481_66882
1088,person,0.5557420999999999,330,127,443,352,66882,54481,0.1459194214876033,5,54481_66882_5,54481_66882
1089,person,0.9815823,315,30,480,356,67039,54481,0.3087121212121212,7,54481_67039_7,54481_67039
1090,person,0.97434527,0,109,180,357,67039,54481,0.256198347107438,6,54481_67039_6,54481_67039
1091,person,0.9122475,207,55,340,345,67039,54481,0.2213613406795225,5,54481_67039_5,54481_67039
1092,person,0.7556414,70,12,155,127,67039,54481,0.0561007805325987,1,54481_67039_1,54481_67039
1093,person,0.6499045,191,102,246,280,67039,54481,0.0561868686868686,2,54481_67039_2,54481_67039
1094,person,0.5818853,0,30,39,172,67039,54481,0.0317837465564738,0,54481_67039_0,54481_67039
1095,person,0.5662432,143,118,206,353,67039,54481,0.0849690082644628,4,54481_67039_4,54481_67039
1096,tie,0.5473116,231,148,303,346,67039,54481,0.0818181818181818,3,54481_67039_3,54481_67039
1097,person,0.9910383,0,37,191,359,67196,54481,0.3529729109274564,3,54481_67196_3,54481_67196
1098,person,0.94927174,319,46,482,359,67196,54481,0.2928087695133149,2,54481_67196_2,54481_67196
1099,person,0.91359997,188,73,338,358,67196,54481,0.2453512396694215,1,54481_67196_1,54481_67196
1100,person,0.6816236999999999,93,17,153,148,67196,54481,0.0451101928374655,0,54481_67196_0,54481_67196
1101,person,0.99064344,5,37,184,357,67353,54481,0.3287419651056015,5,54481_67353_5,54481_67353
1102,person,0.9786412,318,33,482,360,67353,54481,0.3077823691460055,4,54481_67353_4,54481_67353
1103,person,0.93956393,189,58,333,357,67353,54481,0.2471074380165289,3,54481_67353_3,54481_67353
1104,person,0.5697012,153,123,203,330,67353,54481,0.059400826446281,2,54481_67353_2,54481_67353
1105,person,0.5100998999999999,157,124,200,267,67353,54481,0.035290404040404,1,54481_67353_1,54481_67353
1106,person,0.5038116,1,45,36,160,67353,54481,0.0231003213957759,0,54481_67353_0,54481_67353
1107,person,0.9770611,2,40,173,355,67510,54481,0.309142561983471,0,54481_67510_0,54481_67510
1108,person,0.9690599,177,10,447,354,67510,54481,0.5330578512396694,1,54481_67510_1,54481_67510
1109,person,0.9723785,320,55,474,358,67667,54481,0.2678030303030303,4,54481_67667_4,54481_67667
1110,person,0.95183516,190,48,340,358,67667,54481,0.2668732782369146,3,54481_67667_3,54481_67667
1111,person,0.9466539,3,60,184,355,67667,54481,0.3064451331496786,5,54481_67667_5,54481_67667
1112,person,0.7385408,1,22,43,150,67667,54481,0.0308539944903581,1,54481_67667_1,54481_67667
1113,person,0.67555916,96,21,157,160,67667,54481,0.048662764003673,2,54481_67667_2,54481_67667
1114,person,0.662319,313,115,359,185,67667,54481,0.0184802571166207,0,54481_67667_0,54481_67667
1115,person,0.9847303,3,23,171,360,67824,54481,0.324931129476584,0,54481_67824_0,54481_67824
1116,person,0.9774824,233,42,484,354,67824,54481,0.4494490358126722,1,54481_67824_1,54481_67824
1117,person,0.967416,31,75,321,357,67981,54481,0.4693526170798898,2,54481_67981_2,54481_67981
1118,person,0.96511525,305,43,484,356,67981,54481,0.3215507346189164,1,54481_67981_1,54481_67981
1119,person,0.7206260999999999,3,49,62,264,67981,54481,0.0728018824609733,0,54481_67981_0,54481_67981
1120,person,0.98093146,0,45,171,351,68138,54481,0.3003099173553719,5,54481_68138_5,54481_68138
1121,person,0.9794174,334,49,479,357,68138,54481,0.2563131313131313,4,54481_68138_4,54481_68138
1122,person,0.9369816,215,65,366,352,68138,54481,0.2487201561065197,3,54481_68138_3,54481_68138
1123,person,0.72353154,118,24,180,144,68138,54481,0.0426997245179063,2,54481_68138_2,54481_68138
1124,person,0.6766955,2,37,60,154,68138,54481,0.0389462809917355,1,54481_68138_1,54481_68138
1125,person,0.5071744,332,118,371,171,68138,54481,0.0118629476584022,0,54481_68138_0,54481_68138
1126,person,0.9874701,319,22,482,352,68295,54481,0.3087121212121212,0,54481_68295_0,54481_68295
1127,horse,0.9585394,0,5,219,351,68295,54481,0.4348829201101929,1,54481_68295_1,54481_68295
1128,person,0.97493446,300,82,480,360,68452,54481,0.2871900826446281,0,54481_68452_0,54481_68452
1129,horse,0.8867468000000001,0,22,311,359,68452,54481,0.6015094123048669,1,54481_68452_1,54481_68452
1130,person,0.9891805,274,46,484,354,68609,54481,0.3712121212121212,1,54481_68609_1,54481_68609
1131,person,0.961103,1,34,124,359,68609,54481,0.2294249311294766,0,54481_68609_0,54481_68609
1132,person,0.9899559,239,63,475,359,68766,54481,0.4009182736455464,1,54481_68766_1,54481_68766
1133,horse,0.9864542,0,1,225,355,68766,54481,0.4571280991735538,2,54481_68766_2,54481_68766
1134,person,0.81874305,431,116,482,274,68766,54481,0.0462465564738292,0,54481_68766_0,54481_68766
1135,person,0.9884276,251,17,482,356,68923,54481,0.4494318181818181,0,54481_68923_0,54481_68923
1136,person,0.93106365,84,99,246,319,69080,54481,0.2045454545454545,5,54481_69080_5,54481_69080
1137,person,0.87266487,115,77,150,163,69080,54481,0.0172750229568411,1,54481_69080_1,54481_69080
1138,person,0.85215473,54,78,93,195,69080,54481,0.0261880165289256,2,54481_69080_2,54481_69080
1139,person,0.8321235,202,77,261,286,69080,54481,0.070770202020202,4,54481_69080_4,54481_69080
1140,person,0.8207423,363,89,402,209,69080,54481,0.0268595041322314,3,54481_69080_3,54481_69080
1141,person,0.5632347,428,155,463,201,69080,54481,0.0092401285583103,0,54481_69080_0,54481_69080
1142,person,0.9755821,267,59,353,280,69237,54481,0.1090794306703397,3,54481_69237_3,54481_69237
1143,person,0.9642333,100,131,239,326,69237,54481,0.1555612947658402,4,54481_69237_4,54481_69237
1144,person,0.9082493,362,92,401,212,69237,54481,0.0268595041322314,2,54481_69237_2,54481_69237
1145,person,0.89909726,53,78,92,192,69237,54481,0.0255165289256198,1,54481_69237_1,54481_69237
1146,person,0.8460211,115,77,152,181,69237,54481,0.0220844811753902,0,54481_69237_0,54481_69237
1147,person,0.9860815,62,46,227,324,69394,54481,0.2632575757575757,3,54481_69394_3,54481_69394
1148,person,0.97849876,273,57,366,318,69394,54481,0.1393078512396694,2,54481_69394_2,54481_69394
1149,person,0.8902889,51,80,92,199,69394,54481,0.0280016069788797,0,54481_69394_0,54481_69394
1150,person,0.8796589,360,92,402,212,69394,54481,0.0289256198347107,1,54481_69394_1,54481_69394
1151,person,0.990716,177,22,483,355,69551,54481,0.5848140495867769,1,54481_69551_1,54481_69551
1152,person,0.9730319,0,0,152,346,69551,54481,0.3018365472910928,0,54481_69551_0,54481_69551
1153,person,0.99098116,176,19,473,359,69708,54481,0.5795454545454546,1,54481_69708_1,54481_69708
1154,person,0.9845895,0,15,188,352,69708,54481,0.3636134067952249,0,54481_69708_0,54481_69708
1155,person,0.9938263,145,23,452,356,69865,54481,0.5867252066115702,1,54481_69865_1,54481_69865
1156,person,0.9131391,0,9,144,340,69865,54481,0.2735537190082645,0,54481_69865_0,54481_69865
1157,person,0.98045564,114,61,247,323,70022,54481,0.1999885215794306,4,54481_70022_4,54481_70022
1158,person,0.9753062,241,72,344,305,70022,54481,0.1377353076216712,3,54481_70022_3,54481_70022
1159,person,0.9668384,49,84,89,201,70022,54481,0.0268595041322314,1,54481_70022_1,54481_70022
1160,person,0.9357325,363,94,403,215,70022,54481,0.0277777777777777,2,54481_70022_2,54481_70022
1161,person,0.5474101,113,81,145,187,70022,54481,0.0194674012855831,0,54481_70022_0,54481_70022
1162,person,0.99041885,94,33,206,331,70179,54481,0.1915518824609732,3,54481_70179_3,54481_70179
1163,person,0.9860358,211,58,311,323,70179,54481,0.152089072543618,2,54481_70179_2,54481_70179
1164,person,0.9490316,364,88,405,212,70179,54481,0.0291781450872359,1,54481_70179_1,54481_70179
1165,person,0.92166865,53,77,93,197,70179,54481,0.0275482093663911,0,54481_70179_0,54481_70179
1166,person,0.9796123,181,12,484,343,70336,54481,0.5756026170798898,2,54481_70336_2,54481_70336
1167,person,0.9331934,139,165,203,314,70336,54481,0.0547291092745638,0,54481_70336_0,54481_70336
1168,person,0.915355,0,8,204,347,70336,54481,0.396900826446281,1,54481_70336_1,54481_70336
1169,person,0.98558676,243,31,480,352,70493,54481,0.4366219008264463,1,54481_70493_1,54481_70493
1170,person,0.8004716,0,20,208,288,70493,54481,0.3199265381083563,0,54481_70493_0,54481_70493
1171,person,0.99633527,22,20,201,360,70650,54481,0.3492883379247015,2,54481_70650_2,54481_70650
1172,person,0.9866737,200,60,424,353,70650,54481,0.3766758494031221,3,54481_70650_3,54481_70650
1173,person,0.8665301,419,157,452,296,70650,54481,0.0263257575757575,0,54481_70650_0,54481_70650
1174,person,0.74806285,291,64,428,347,70650,54481,0.2225149219467401,1,54481_70650_1,54481_70650
1175,person,0.99346477,6,12,223,351,70807,54481,0.4221935261707989,4,54481_70807_4,54481_70807
1176,person,0.9835233,181,59,408,343,70807,54481,0.3699954086317722,3,54481_70807_3,54481_70807
1177,person,0.8831924999999999,419,153,450,294,70807,54481,0.0250860881542699,0,54481_70807_0,54481_70807
1178,vase,0.57199234,260,274,406,360,70807,54481,0.0720615243342516,1,54481_70807_1,54481_70807
1179,person,0.5529323,311,64,411,327,70807,54481,0.150941230486685,2,54481_70807_2,54481_70807
1180,person,0.99485093,90,31,222,351,70964,54481,0.2424242424242425,2,54481_70964_2,54481_70964
1181,person,0.9419756,247,90,333,357,70964,54481,0.1317837465564738,1,54481_70964_1,54481_70964
1182,person,0.6848880999999999,85,75,124,221,70964,54481,0.0326790633608815,0,54481_70964_0,54481_70964
1183,person,0.9958615,105,33,225,354,71121,54481,0.2210743801652892,2,54481_71121_2,54481_71121
1184,person,0.8565024,88,77,125,221,71121,54481,0.0305785123966942,0,54481_71121_0,54481_71121
1185,person,0.84600806,238,114,342,347,71121,54481,0.1390725436179981,1,54481_71121_1,54481_71121
1186,person,0.9962508,66,38,297,360,71278,54481,0.4268939393939394,1,54481_71278_1,54481_71278
1187,person,0.52982736,134,40,213,123,71278,54481,0.0376320018365472,0,54481_71278_0,54481_71278
1188,person,0.9798938,94,35,457,332,71435,54481,0.61875,0,54481_71435_0,54481_71435
1189,person,0.98823756,290,62,478,357,71592,54481,0.3182966023875114,1,54481_71592_1,54481_71592
1190,person,0.94396496,132,34,313,349,71592,54481,0.3272210743801653,2,54481_71592_2,54481_71592
1191,handbag,0.7089653,101,192,231,360,71592,54481,0.1253443526170798,0,54481_71592_0,54481_71592
1192,person,0.9706715,140,35,366,353,71749,54481,0.4124655647382921,2,54481_71749_2,54481_71749
1193,person,0.9330235999999998,291,59,483,350,71749,54481,0.3206611570247933,1,54481_71749_1,54481_71749
1194,horse,0.78697306,0,46,83,304,71749,54481,0.1228994490358126,0,54481_71749_0,54481_71749
1195,person,0.9792058,126,24,327,360,71906,54481,0.3876033057851239,3,54481_71906_3,54481_71906
1196,person,0.9394094,309,65,482,351,71906,54481,0.2839646464646465,2,54481_71906_2,54481_71906
1197,horse,0.85049075,0,50,88,312,71906,54481,0.1323232323232323,0,54481_71906_0,54481_71906
1198,horse,0.5805609,0,52,152,339,71906,54481,0.2503673094582185,1,54481_71906_1,54481_71906
1199,person,0.9728494,163,24,339,360,72063,54481,0.3393939393939394,3,54481_72063_3,54481_72063
1200,person,0.9677223,314,78,481,354,72063,54481,0.2645316804407713,1,54481_72063_1,54481_72063
1201,horse,0.937193,6,61,172,350,72063,54481,0.2753328741965105,2,54481_72063_2,54481_72063
1202,horse,0.9084434,1,83,93,321,72063,54481,0.1256657483930211,0,54481_72063_0,54481_72063
1203,person,0.98038554,250,104,478,352,72220,54481,0.3245179063360882,1,54481_72220_1,54481_72220
1204,person,0.9613848,131,32,312,353,72220,54481,0.3334538567493113,2,54481_72220_2,54481_72220
1205,handbag,0.503798,283,188,433,344,72220,54481,0.134297520661157,0,54481_72220_0,54481_72220
1206,person,0.98611623,222,73,442,360,72377,54481,0.3623737373737373,0,54481_72377_0,54481_72377
1207,person,0.97509426,68,42,296,356,72377,54481,0.4108815426997245,1,54481_72377_1,54481_72377
1208,person,0.99240315,224,68,425,350,72534,54481,0.3253099173553719,1,54481_72534_1,54481_72534
1209,person,0.98833674,80,32,252,359,72534,54481,0.3227961432506887,0,54481_72534_0,54481_72534
1210,person,0.74741155,116,73,299,358,72691,54481,0.2993285123966942,0,54481_72691_0,54481_72691
1211,person,0.9893902,99,95,250,357,72848,54481,0.22705463728191,0,54481_72848_0,54481_72848
1212,person,0.9568266,234,23,437,356,72848,54481,0.3879648760330578,1,54481_72848_1,54481_72848
1213,person,0.982479,8,108,197,339,73005,54481,0.2505681818181818,0,54481_73005_0,54481_73005
1214,person,0.96801066,227,44,410,354,73005,54481,0.3255853994490358,1,54481_73005_1,54481_73005
1215,person,0.9944518,198,71,405,357,73162,54481,0.3397727272727273,0,54481_73162_0,54481_73162
1216,person,0.67301434,127,79,299,291,73319,54481,0.2092745638200184,0,54481_73319_0,54481_73319
1217,person,0.98493725,86,78,216,354,73476,54481,0.2059228650137741,0,54481_73476_0,54481_73476
1218,person,0.97857946,295,149,395,360,73633,54481,0.1210973370064279,0,54481_73633_0,54481_73633
1219,person,0.9654299,179,125,293,360,73633,54481,0.1537534435261708,1,54481_73633_1,54481_73633
1220,person,0.97070295,148,142,273,355,73790,54481,0.1528064738292011,1,54481_73790_1,54481_73790
1221,person,0.9575116,243,174,379,359,73790,54481,0.1443985307621671,0,54481_73790_0,54481_73790
1222,person,0.57228136,274,170,422,356,73790,54481,0.1579889807162534,2,54481_73790_2,54481_73790
1223,person,0.98475975,210,190,361,359,73947,54481,0.1464589072543618,0,54481_73947_0,54481_73947
1224,person,0.98340964,102,166,250,353,73947,54481,0.1588383838383838,1,54481_73947_1,54481_73947
1225,person,0.9892707,168,2,484,354,74104,54481,0.6383838383838384,0,54481_74104_0,54481_74104
1226,person,0.986642,286,35,472,358,74261,54481,0.3448002754820937,1,54481_74261_1,54481_74261
1227,person,0.95947164,0,21,149,350,74261,54481,0.2813418273645546,0,54481_74261_0,54481_74261
1228,person,0.9892847,173,5,477,356,74418,54481,0.6123966942148761,1,54481_74418_1,54481_74418
1229,person,0.91837245,0,78,180,355,74418,54481,0.2861570247933884,0,54481_74418_0,54481_74418
1230,person,0.98310965,211,77,381,337,74575,54481,0.2536730945821855,1,54481_74575_1,54481_74575
1231,person,0.8761986999999999,11,53,255,355,74575,54481,0.422910927456382,2,54481_74575_2,54481_74575
1232,chair,0.5472060000000001,179,268,374,348,74575,54481,0.0895316804407713,0,54481_74575_0,54481_74575
1233,person,0.953867,0,31,232,355,74732,54481,0.431404958677686,1,54481_74732_1,54481_74732
1234,person,0.95096004,307,8,482,354,74732,54481,0.3475091827364555,0,54481_74732_0,54481_74732
1235,person,0.96211153,2,33,218,357,74889,54481,0.4016528925619833,0,54481_74889_0,54481_74889
1236,person,0.9368055,266,4,481,356,74889,54481,0.4343434343434344,1,54481_74889_1,54481_74889
1237,person,0.79527307,140,12,473,360,74889,54481,0.6650826446280992,2,54481_74889_2,54481_74889
1238,person,0.974319,262,12,476,358,75046,54481,0.4249540863177227,1,54481_75046_1,54481_75046
1239,person,0.9463316,0,35,196,357,75046,54481,0.3622130394857668,0,54481_75046_0,54481_75046
1240,person,0.9315995,0,25,218,354,75203,54481,0.4116276400367309,1,54481_75203_1,54481_75203
1241,person,0.9300033,303,0,481,359,75203,54481,0.366747015610652,0,54481_75203_0,54481_75203
1242,person,0.98789746,152,76,340,306,75360,54481,0.2481634527089072,0,54481_75360_0,54481_75360
1243,person,0.9928933,142,71,348,333,75517,54481,0.3097566574839302,0,54481_75517_0,54481_75517
1244,person,0.6196776999999999,279,162,362,356,75674,54481,0.0924127640036731,0,54481_75674_0,54481_75674
1245,backpack,0.5403531,130,153,334,353,75674,54481,0.2341597796143251,1,54481_75674_1,54481_75674
1246,person,0.5068894,120,123,337,357,75674,54481,0.2914256198347108,2,54481_75674_2,54481_75674
1247,person,0.79538244,296,241,443,356,75831,54481,0.0970213498622589,0,54481_75831_0,54481_75831
1248,person,0.996214,324,59,464,358,75988,54481,0.2402433425160698,0,54481_75988_0,54481_75988
1249,person,0.95079,2,59,179,354,75988,54481,0.2996728650137741,1,54481_75988_1,54481_75988
1250,person,0.99042994,22,75,204,346,76302,54481,0.2830693296602387,0,54481_76302_0,54481_76302
1251,person,0.9611524,109,66,235,359,76459,54481,0.2118801652892562,0,54481_76459_0,54481_76459
1252,person,0.9165569,397,238,484,359,76616,54481,0.0604166666666666,0,54481_76616_0,54481_76616
1253,person,0.99264246,188,72,384,358,76773,54481,0.3217171717171717,1,54481_76773_1,54481_76773
1254,person,0.96900475,386,215,484,356,76773,54481,0.0793044077134986,0,54481_76773_0,54481_76773
1255,person,0.98969847,177,68,358,359,76930,54481,0.3022899449035812,4,54481_76930_4,54481_76930
1256,person,0.9828211,395,221,483,355,76930,54481,0.0676767676767676,0,54481_76930_0,54481_76930
1257,person,0.78809774,0,41,125,351,76930,54481,0.222394398530762,3,54481_76930_3,54481_76930
1258,handbag,0.57407093,195,140,323,321,76930,54481,0.1329660238751147,2,54481_76930_2,54481_76930
1259,person,0.55397624,97,209,201,358,76930,54481,0.0889348025711662,1,54481_76930_1,54481_76930
1260,person,0.9964155,138,54,312,354,77087,54481,0.2995867768595041,1,54481_77087_1,54481_77087
1261,person,0.9745652,364,202,476,357,77087,54481,0.0996326905417814,0,54481_77087_0,54481_77087
1262,person,0.99312156,169,51,332,359,77244,54481,0.2881313131313131,1,54481_77244_1,54481_77244
1263,person,0.97588015,391,220,480,358,77244,54481,0.0704889807162534,0,54481_77244_0,54481_77244
1264,person,0.9709753,256,125,423,356,77401,54481,0.2214015151515151,0,54481_77401_0,54481_77401
1265,person,0.96463567,230,46,482,356,77558,54481,0.4483471074380165,0,54481_77558_0,54481_77558
1266,person,0.94417256,6,38,252,360,77558,54481,0.4546143250688705,1,54481_77558_1,54481_77558
1267,person,0.9928577,206,37,477,356,77715,54481,0.4961489898989899,0,54481_77715_0,54481_77715
1268,person,0.9720576,339,16,484,350,77872,54481,0.2779499540863177,0,54481_77872_0,54481_77872
1269,person,0.92979205,1,42,208,360,77872,54481,0.3777892561983471,2,54481_77872_2,54481_77872
1270,person,0.6613380999999999,188,54,379,360,77872,54481,0.3354338842975206,1,54481_77872_1,54481_77872
1271,person,0.5958167,238,22,467,360,77872,54481,0.4442263544536272,3,54481_77872_3,54481_77872
1272,person,0.9947813,209,46,481,360,78029,54481,0.4901744719926538,0,54481_78029_0,54481_78029
1273,person,0.99365175,251,60,396,360,78186,54481,0.2496556473829201,0,54481_78186_0,54481_78186
1274,person,0.99719113,116,44,269,358,78343,54481,0.2757231404958677,3,54481_78343_3,54481_78343
1275,person,0.947488,376,237,463,357,78343,54481,0.0599173553719008,0,54481_78343_0,54481_78343
1276,horse,0.6456877,2,25,78,336,78343,54481,0.1356519742883379,2,54481_78343_2,54481_78343
1277,horse,0.56661403,6,19,80,224,78343,54481,0.0870638200183654,1,54481_78343_1,54481_78343
1278,person,0.99607134,131,33,338,360,78500,54481,0.3884814049586777,2,54481_78500_2,54481_78500
1279,person,0.9827923,364,85,483,345,78500,54481,0.1775711662075298,1,54481_78500_1,54481_78500
1280,horse,0.75668633,0,0,83,338,78500,54481,0.1610078053259871,0,54481_78500_0,54481_78500
1281,person,0.9944278,17,47,262,352,78657,54481,0.4288624885215794,1,54481_78657_1,54481_78657
1282,person,0.96436954,305,80,474,344,78657,54481,0.256060606060606,0,54481_78657_0,54481_78657
1283,person,0.99681133,6,44,233,355,78814,54481,0.405171028466483,1,54481_78814_1,54481_78814
1284,person,0.9783382,285,78,469,353,78814,54481,0.2904040404040404,0,54481_78814_0,54481_78814
1285,person,0.9962142,8,62,247,355,78971,54481,0.401899678604224,2,54481_78971_2,54481_78971
1286,person,0.8713960999999999,312,2,478,360,78971,54481,0.3410697887970615,1,54481_78971_1,54481_78971
1287,person,0.7933339,374,5,482,346,78971,54481,0.2113636363636364,0,54481_78971_0,54481_78971
1288,person,0.82366514,262,230,307,329,79128,54481,0.0255681818181818,2,54481_79128_2,54481_79128
1289,person,0.80575895,441,154,480,259,79128,54481,0.0235020661157024,1,54481_79128_1,54481_79128
1290,person,0.6151908,200,244,241,340,79128,54481,0.0225895316804407,0,54481_79128_0,54481_79128
1291,horse,0.50284237,286,209,390,330,79128,54481,0.0722222222222222,3,54481_79128_3,54481_79128
1292,person,0.90034103,160,141,241,248,79285,54481,0.04974173553719,2,54481_79285_2,54481_79285
1293,horse,0.8907642,163,157,251,253,79285,54481,0.0484848484848484,1,54481_79285_1,54481_79285
1294,person,0.75222206,164,144,211,222,79285,54481,0.0210399449035812,0,54481_79285_0,54481_79285
1295,cow,0.7978309,260,95,439,329,79442,54481,0.2403925619834711,5,54481_79442_5,54481_79442
1296,horse,0.7645589,14,81,133,279,79442,54481,0.1352272727272727,3,54481_79442_3,54481_79442
1297,person,0.66828024,55,43,112,135,79442,54481,0.0300964187327823,2,54481_79442_2,54481_79442
1298,horse,0.65984035,127,91,257,287,79442,54481,0.1462350780532598,4,54481_79442_4,54481_79442
1299,person,0.57931006,365,7,415,93,79442,54481,0.0246786042240587,1,54481_79442_1,54481_79442
1300,person,0.5135920999999999,448,39,480,92,79442,54481,0.0097337006427915,0,54481_79442_0,54481_79442
1301,person,0.9874906,9,46,208,348,79599,54481,0.3449150596877869,2,54481_79599_2,54481_79599
1302,person,0.9616427,203,54,402,319,79599,54481,0.3026572543617998,1,54481_79599_1,54481_79599
1303,handbag,0.6406099000000001,85,235,407,360,79599,54481,0.2310032139577594,0,54481_79599_0,54481_79599
1304,person,0.513556,99,66,391,353,79599,54481,0.4809687786960514,3,54481_79599_3,54481_79599
1305,person,0.5644008,68,58,80,83,79756,54481,0.0017217630853994,0,54481_79756_0,54481_79756
1306,person,0.9876896,14,32,220,355,79913,54481,0.3818755739210285,3,54481_79913_3,54481_79913
1307,person,0.9784026,211,51,399,293,79913,54481,0.2611111111111111,2,54481_79913_2,54481_79913
1308,handbag,0.825664,72,241,428,358,79913,54481,0.2390495867768595,1,54481_79913_1,54481_79913
1309,handbag,0.61566013,122,251,357,360,79913,54481,0.1470098714416896,0,54481_79913_0,54481_79913
1310,person,0.8162147,416,264,479,360,80070,54481,0.0347107438016528,0,54481_80070_0,54481_80070
1311,horse,0.5618145999999999,355,18,484,268,80070,54481,0.1850895316804408,1,54481_80070_1,54481_80070
1312,person,0.8876136999999998,184,149,211,248,80227,54481,0.015340909090909,0,54481_80227_0,54481_80227
1313,person,0.8400291,94,168,136,275,80227,54481,0.0257920110192837,2,54481_80227_2,54481_80227
1314,person,0.7742428000000001,126,175,163,275,80227,54481,0.0212350780532598,1,54481_80227_1,54481_80227
1315,person,0.9630921999999998,117,177,173,351,80384,54481,0.0559228650137741,1,54481_80384_1,54481_80384
1316,person,0.93204004,294,180,363,356,80384,54481,0.0696969696969697,2,54481_80384_2,54481_80384
1317,person,0.79045576,69,147,128,310,80384,54481,0.0551939853076216,0,54481_80384_0,54481_80384
1318,elephant,0.6772984000000001,181,157,297,337,80384,54481,0.1198347107438016,3,54481_80384_3,54481_80384
1319,person,0.9564021,98,97,190,350,80541,54481,0.1335858585858586,4,54481_80541_4,54481_80541
1320,person,0.9546597,151,124,267,360,80541,54481,0.1571166207529843,5,54481_80541_5,54481_80541
1321,person,0.95190006,396,134,475,355,80541,54481,0.1002008723599632,2,54481_80541_2,54481_80541
1322,horse,0.9207962,281,109,419,342,80541,54481,0.1845385674931129,6,54481_80541_6,54481_80541
1323,horse,0.84723336,68,81,122,204,80541,54481,0.0381198347107438,1,54481_80541_1,54481_80541
1324,person,0.6023208999999999,288,73,413,231,80541,54481,0.1133494031221304,3,54481_80541_3,54481_80541
1325,person,0.551189,187,66,222,126,80541,54481,0.0120523415977961,0,54481_80541_0,54481_80541
1326,person,0.98081857,43,82,166,353,80698,54481,0.1913050964187328,2,54481_80698_2,54481_80698
1327,person,0.97362334,166,101,285,359,80698,54481,0.1762052341597796,1,54481_80698_1,54481_80698
1328,person,0.7092743,305,96,375,305,80698,54481,0.0839646464646464,0,54481_80698_0,54481_80698
1329,person,0.9834087,49,75,172,357,80855,54481,0.1990702479338843,2,54481_80855_2,54481_80855
1330,person,0.9797956,166,110,281,357,80855,54481,0.1630222681359045,1,54481_80855_1,54481_80855
1331,person,0.5491948,321,107,447,297,80855,54481,0.137396694214876,0,54481_80855_0,54481_80855
1332,person,0.98859555,251,106,480,351,81012,54481,0.3219983930211203,2,54481_81012_2,54481_81012
1333,horse,0.952658,185,57,345,195,81012,54481,0.1267217630853994,1,54481_81012_1,54481_81012
1334,person,0.843455,10,40,217,360,81012,54481,0.3801652892561984,3,54481_81012_3,54481_81012
1335,person,0.67271805,442,66,482,259,81012,54481,0.0443067033976124,0,54481_81012_0,54481_81012
1336,horse,0.99330527,193,50,348,194,81169,54481,0.128099173553719,1,54481_81169_1,54481_81169
1337,person,0.98227376,278,106,480,356,81169,54481,0.2898301193755739,2,54481_81169_2,54481_81169
1338,person,0.9396839,2,25,221,358,81169,54481,0.4185433884297521,3,54481_81169_3,54481_81169
1339,person,0.57694125,435,66,480,244,81169,54481,0.0459710743801652,0,54481_81169_0,54481_81169
1340,horse,0.994333,189,47,354,197,81326,54481,0.1420454545454545,1,54481_81326_1,54481_81326
1341,person,0.98241615,275,85,480,355,81326,54481,0.3176652892561984,2,54481_81326_2,54481_81326
1342,person,0.98144275,0,37,263,360,81326,54481,0.4875401744719927,3,54481_81326_3,54481_81326
1343,tie,0.71424484,368,240,403,359,81326,54481,0.023903810835629,0,54481_81326_0,54481_81326
1344,horse,0.9960806,194,47,352,195,81483,54481,0.1342056932966024,3,54481_81483_3,54481_81483
1345,person,0.9802305,277,101,473,357,81483,54481,0.2879706152433425,4,54481_81483_4,54481_81483
1346,person,0.95038646,8,37,218,359,81483,54481,0.3880853994490358,5,54481_81483_5,54481_81483
1347,person,0.881497,428,58,478,255,81483,54481,0.0565312213039485,2,54481_81483_2,54481_81483
1348,tie,0.8632384,366,246,402,360,81483,54481,0.0235537190082644,0,54481_81483_0,54481_81483
1349,horse,0.53901196,172,56,216,183,81483,54481,0.032070707070707,1,54481_81483_1,54481_81483
1350,person,0.9829722,273,99,476,353,81640,54481,0.295925160697888,3,54481_81640_3,54481_81640
1351,horse,0.9802116,187,46,357,194,81640,54481,0.1443985307621671,2,54481_81640_2,54481_81640
1352,person,0.9548072,138,55,195,197,81640,54481,0.0464531680440771,1,54481_81640_1,54481_81640
1353,person,0.84732944,0,21,156,356,81640,54481,0.2999311294765839,4,54481_81640_4,54481_81640
1354,tie,0.5844921,365,246,405,359,81640,54481,0.025941230486685,0,54481_81640_0,54481_81640
1355,person,0.9700706,222,46,422,317,81797,54481,0.3110651974288338,0,54481_81797_0,54481_81797
1356,person,0.8903073,1,25,208,354,81797,54481,0.3908574380165289,1,54481_81797_1,54481_81797
1357,person,0.7490912,69,60,388,357,81797,54481,0.54375,2,54481_81797_2,54481_81797
1358,person,0.8242520000000001,166,117,336,314,81954,54481,0.1922061524334251,1,54481_81954_1,54481_81954
1359,person,0.73937064,174,123,270,256,81954,54481,0.0732782369146005,0,54481_81954_0,54481_81954
1360,person,0.872906,39,59,220,360,82268,54481,0.3126779155188246,0,54481_82268_0,54481_82268
1361,person,0.8953073,217,243,258,339,82896,54481,0.0225895316804407,4,54481_82896_4,54481_82896
1362,person,0.82063055,244,86,272,140,82896,54481,0.0086776859504132,1,54481_82896_1,54481_82896
1363,person,0.6232960999999999,234,235,268,330,82896,54481,0.0185376492194674,3,54481_82896_3,54481_82896
1364,bird,0.5212896,367,194,392,241,82896,54481,0.0067435720844811,0,54481_82896_0,54481_82896
1365,bird,0.51916575,313,206,344,274,82896,54481,0.0120982552800734,2,54481_82896_2,54481_82896
1366,person,0.96896553,236,84,338,254,83053,54481,0.0995179063360881,0,54481_83053_0,54481_83053
1367,horse,0.9302457,235,134,327,335,83053,54481,0.106129476584022,1,54481_83053_1,54481_83053
1368,person,0.9477348,278,51,328,161,83367,54481,0.0315656565656565,1,54481_83367_1,54481_83367
1369,person,0.9005679,330,252,407,359,83367,54481,0.0472853535353535,7,54481_83367_7,54481_83367
1370,person,0.8732401,118,58,186,178,83367,54481,0.046831955922865,6,54481_83367_6,54481_83367
1371,person,0.8503761999999999,71,78,136,200,83367,54481,0.0455119375573921,4,54481_83367_4,54481_83367
1372,person,0.7957486,13,52,72,188,83367,54481,0.0460514233241506,5,54481_83367_5,54481_83367
1373,person,0.71470255,402,64,444,186,83367,54481,0.0294077134986225,0,54481_83367_0,54481_83367
1374,horse,0.54089683,320,110,369,224,83367,54481,0.0320592286501377,2,54481_83367_2,54481_83367
1375,cow,0.5187741,355,99,417,224,83367,54481,0.0444788797061524,3,54481_83367_3,54481_83367
1376,person,0.5142975999999999,93,63,165,193,83367,54481,0.0537190082644628,9,54481_83367_9,54481_83367
1377,horse,0.512753,348,102,421,226,83367,54481,0.051951331496786,8,54481_83367_8,54481_83367
1378,horse,0.8165273000000001,142,9,314,297,83524,54481,0.284297520661157,2,54481_83524_2,54481_83524
1379,person,0.6841946,9,0,98,149,83524,54481,0.0761076675849403,0,54481_83524_0,54481_83524
1380,horse,0.5770109999999999,171,13,413,225,83524,54481,0.2944444444444444,4,54481_83524_4,54481_83524
1381,horse,0.55724895,112,84,307,339,83524,54481,0.2853822314049586,3,54481_83524_3,54481_83524
1382,horse,0.5092181,161,26,288,210,83524,54481,0.1341138659320477,1,54481_83524_1,54481_83524
1383,horse,0.70375603,302,212,356,286,83681,54481,0.0229338842975206,2,54481_83681_2,54481_83681
1384,person,0.62480116,259,189,291,283,83681,54481,0.0172635445362718,0,54481_83681_0,54481_83681
1385,umbrella,0.6253444,355,182,465,233,83681,54481,0.0321969696969696,3,54481_83681_3,54481_83681
1386,person,0.6243483,270,189,305,282,83681,54481,0.018681129476584,1,54481_83681_1,54481_83681
1387,cow,0.73400027,19,66,355,360,83838,54481,0.5669421487603306,1,54481_83838_1,54481_83838
1388,horse,0.6295189999999999,6,68,335,360,83838,54481,0.5513544536271809,0,54481_83838_0,54481_83838
1389,horse,0.9852652,34,27,317,352,83995,54481,0.5278638659320477,0,54481_83995_0,54481_83995
1390,horse,0.9583377,85,103,198,326,84152,54481,0.144622359963269,0,54481_84152_0,54481_84152
1391,horse,0.6684481,175,85,348,353,84152,54481,0.2660927456382002,1,54481_84152_1,54481_84152
1392,horse,0.8646305000000001,220,50,408,320,84309,54481,0.2913223140495867,1,54481_84309_1,54481_84309
1393,horse,0.8418870999999999,67,29,443,340,84309,54481,0.6711202938475666,3,54481_84309_3,54481_84309
1394,person,0.81328875,43,71,291,340,84309,54481,0.3828741965105601,2,54481_84309_2,54481_84309
1395,horse,0.64595926,283,53,466,329,84309,54481,0.2898760330578513,0,54481_84309_0,54481_84309
1396,person,0.6690119000000001,365,127,419,310,84466,54481,0.0567148760330578,0,54481_84466_0,54481_84466
1397,horse,0.6300926,148,188,280,288,84466,54481,0.0757575757575757,1,54481_84466_1,54481_84466
1398,dog,0.5731411,261,141,347,330,84466,54481,0.0932851239669421,2,54481_84466_2,54481_84466
1399,person,0.8261168,138,2,288,345,84623,54481,0.2952823691460055,0,54481_84623_0,54481_84623
1400,cow,0.67118114,201,45,381,357,84623,54481,0.3223140495867768,1,54481_84623_1,54481_84623
1401,horse,0.60771793,108,92,438,360,84623,54481,0.5075757575757576,3,54481_84623_3,54481_84623
1402,person,0.5298705,44,16,254,339,84623,54481,0.3892906336088153,2,54481_84623_2,54481_84623
1403,horse,0.8067489999999999,74,105,175,353,84780,54481,0.1437557392102846,0,54481_84780_0,54481_84780
1404,person,0.9729287,22,31,228,340,84937,54481,0.3653236914600551,0,54481_84937_0,54481_84937
1405,person,0.99263024,25,63,244,355,85094,54481,0.3670110192837466,0,54481_85094_0,54481_85094
1406,person,0.92542577,220,226,332,353,85251,54481,0.0816345270890725,0,54481_85251_0,54481_85251
1407,person,0.86015445,25,21,156,345,85251,54481,0.243595041322314,2,54481_85251_2,54481_85251
1408,person,0.81953144,320,24,428,344,85251,54481,0.1983471074380165,1,54481_85251_1,54481_85251
1409,person,0.73313624,18,4,290,319,85251,54481,0.4917355371900826,4,54481_85251_4,54481_85251
1410,person,0.5797204,236,19,438,358,85251,54481,0.3930096418732783,3,54481_85251_3,54481_85251
1411,person,0.98364013,242,90,341,354,85408,54481,0.15,0,54481_85408_0,54481_85408
1412,person,0.9822082,30,45,152,348,85408,54481,0.2121556473829201,1,54481_85408_1,54481_85408
1413,person,0.94117796,328,32,452,354,85408,54481,0.2291551882460973,2,54481_85408_2,54481_85408
1414,person,0.9813762,234,50,375,354,85565,54481,0.2460055096418733,2,54481_85565_2,54481_85565
1415,person,0.97965,365,27,475,360,85565,54481,0.2102272727272728,0,54481_85565_0,54481_85565
1416,person,0.967682,6,47,132,353,85565,54481,0.2212809917355372,1,54481_85565_1,54481_85565
1417,person,0.98130465,3,30,114,358,85722,54481,0.2089531680440771,0,54481_85722_0,54481_85722
1418,person,0.9496328000000002,285,60,464,354,85722,54481,0.3020316804407713,1,54481_85722_1,54481_85722
1419,person,0.95616245,57,20,349,357,85879,54481,0.564761248852158,1,54481_85879_1,54481_85879
1420,person,0.735128,34,24,249,347,85879,54481,0.3985594582185491,0,54481_85879_0,54481_85879
1421,person,0.98482114,312,92,482,357,86036,54481,0.2585514233241506,3,54481_86036_3,54481_86036
1422,person,0.9586136,0,67,207,302,86036,54481,0.2791838842975207,4,54481_86036_4,54481_86036
1423,cup,0.8809629000000001,43,292,87,338,86036,54481,0.0116161616161616,0,54481_86036_0,54481_86036
1424,bowl,0.8444243,150,315,254,351,86036,54481,0.0214876033057851,1,54481_86036_1,54481_86036
1425,bowl,0.82366186,102,283,217,330,86036,54481,0.0310204315886134,2,54481_86036_2,54481_86036
1426,person,0.98283905,307,101,484,350,86193,54481,0.2529442148760331,3,54481_86193_3,54481_86193
1427,person,0.9816155,0,68,214,307,86193,54481,0.2935376492194674,4,54481_86193_4,54481_86193
1428,cup,0.9104278,43,292,90,340,86193,54481,0.0129476584022038,0,54481_86193_0,54481_86193
1429,bowl,0.7835831999999999,150,316,253,352,86193,54481,0.0212809917355371,1,54481_86193_1,54481_86193
1430,bowl,0.7328611999999999,100,284,215,326,86193,54481,0.0277203856749311,2,54481_86193_2,54481_86193
1431,person,0.9747561,5,68,214,302,86350,54481,0.2806818181818182,4,54481_86350_4,54481_86350
1432,person,0.9661143,313,97,484,355,86350,54481,0.253202479338843,3,54481_86350_3,54481_86350
1433,cup,0.8878948,42,292,87,337,86350,54481,0.0116219008264462,0,54481_86350_0,54481_86350
1434,bowl,0.84441704,98,282,217,330,86350,54481,0.0327823691460055,2,54481_86350_2,54481_86350
1435,bowl,0.84155446,149,316,253,352,86350,54481,0.0214876033057851,1,54481_86350_1,54481_86350
1436,person,0.9807246,5,65,217,315,86507,54481,0.304178145087236,4,54481_86507_4,54481_86507
1437,person,0.97423494,310,96,484,350,86507,54481,0.2536501377410468,3,54481_86507_3,54481_86507
1438,cup,0.89058614,42,292,88,339,86507,54481,0.0124081726354453,0,54481_86507_0,54481_86507
1439,bowl,0.82270664,149,315,253,353,86507,54481,0.0226813590449954,1,54481_86507_1,54481_86507
1440,bowl,0.7328022,99,283,216,328,86507,54481,0.0302169421487603,2,54481_86507_2,54481_86507
1441,person,0.98542064,312,95,484,357,86664,54481,0.2586317722681359,4,54481_86664_4,54481_86664
1442,person,0.9801199,3,66,213,308,86664,54481,0.2916666666666667,5,54481_86664_5,54481_86664
1443,cup,0.8581056999999999,42,292,89,339,86664,54481,0.0126779155188246,1,54481_86664_1,54481_86664
1444,bowl,0.849759,147,315,253,353,86664,54481,0.0231175390266299,2,54481_86664_2,54481_86664
1445,bowl,0.5855701999999999,98,283,213,331,86664,54481,0.0316804407713498,3,54481_86664_3,54481_86664
1446,cup,0.55471545,324,279,363,328,86664,54481,0.0109676308539944,0,54481_86664_0,54481_86664
1447,person,0.9536854,102,178,280,353,86821,54481,0.1787764003673094,0,54481_86821_0,54481_86821
1448,person,0.7694083,8,3,176,275,86821,54481,0.2622589531680441,1,54481_86821_1,54481_86821
1449,person,0.956305,6,62,202,345,86978,54481,0.3183425160697888,2,54481_86978_2,54481_86978
1450,person,0.9086887,149,95,365,288,86978,54481,0.2392561983471074,1,54481_86978_1,54481_86978
1451,cup,0.8413043,380,256,409,285,86978,54481,0.0048266758494031,0,54481_86978_0,54481_86978
1452,person,0.95205736,181,77,370,278,87135,54481,0.2180268595041322,3,54481_87135_3,54481_87135
1453,person,0.9181967,4,49,170,355,87135,54481,0.2915289256198347,4,54481_87135_4,54481_87135
1454,cup,0.80069405,380,251,409,283,87135,54481,0.0053259871441689,0,54481_87135_0,54481_87135
1455,remote,0.58821994,31,72,111,146,87135,54481,0.0339761248852157,1,54481_87135_1,54481_87135
1456,person,0.56443375,417,109,482,313,87135,54481,0.0761019283746556,2,54481_87135_2,54481_87135
1457,person,0.9768838,2,61,223,340,87292,54481,0.3538739669421488,3,54481_87292_3,54481_87292
1458,person,0.9636124,291,50,477,322,87292,54481,0.2903581267217631,2,54481_87292_2,54481_87292
1459,bowl,0.88910687,198,311,327,356,87292,54481,0.0333161157024793,0,54481_87292_0,54481_87292
1460,vase,0.5491139,190,212,265,310,87292,54481,0.0421831955922864,1,54481_87292_1,54481_87292
1461,person,0.9820097,25,22,294,360,87449,54481,0.5218204775022957,2,54481_87449_2,54481_87449
1462,bowl,0.77703923,5,311,76,357,87449,54481,0.0187442607897153,0,54481_87449_0,54481_87449
1463,person,0.69195354,256,50,484,360,87449,54481,0.4056473829201102,1,54481_87449_1,54481_87449
1464,person,0.96521705,248,24,473,348,87606,54481,0.4183884297520661,0,54481_87606_0,54481_87606
1465,person,0.8129755999999999,35,65,327,348,87606,54481,0.4742653810835629,1,54481_87606_1,54481_87606
1466,person,0.9715748,218,24,351,334,87763,54481,0.2366276400367309,2,54481_87763_2,54481_87763
1467,person,0.8452253000000001,7,145,197,351,87763,54481,0.2246326905417814,1,54481_87763_1,54481_87763
1468,person,0.8177549,31,20,255,354,87763,54481,0.4293847566574839,3,54481_87763_3,54481_87763
1469,person,0.80174845,365,182,480,357,87763,54481,0.1155016069788797,0,54481_87763_0,54481_87763
1470,person,0.5946791,101,0,328,351,87763,54481,0.4572830578512397,4,54481_87763_4,54481_87763
1471,person,0.96903485,54,38,473,354,87920,54481,0.7598943985307621,0,54481_87920_0,54481_87920
1472,person,0.98334336,98,33,448,360,88077,54481,0.6568526170798898,2,54481_88077_2,54481_88077
1473,person,0.8988519,357,22,484,323,88077,54481,0.2193927915518825,1,54481_88077_1,54481_88077
1474,cup,0.76318896,154,203,206,271,88077,54481,0.0202938475665748,0,54481_88077_0,54481_88077
1475,person,0.68811584,402,238,430,311,88234,54481,0.0117309458218549,1,54481_88234_1,54481_88234
1476,horse,0.68319863,283,236,373,355,88234,54481,0.0614669421487603,4,54481_88234_4,54481_88234
1477,person,0.68131465,66,294,97,355,88234,54481,0.0108528466483011,0,54481_88234_0,54481_88234
1478,cow,0.6535941,278,232,380,360,88234,54481,0.074931129476584,5,54481_88234_5,54481_88234
1479,person,0.54145956,40,293,78,352,88234,54481,0.0128673094582185,2,54481_88234_2,54481_88234
1480,person,0.52557623,371,241,399,324,88234,54481,0.013337924701561,3,54481_88234_3,54481_88234
1481,person,0.89898866,401,2,471,190,88391,54481,0.0755280073461891,0,54481_88391_0,54481_88391
1482,person,0.74708307,71,91,389,355,88391,54481,0.4818181818181818,2,54481_88391_2,54481_88391
1483,person,0.50820655,173,0,370,181,88391,54481,0.2046430211202938,1,54481_88391_1,54481_88391
1484,person,0.70210797,51,63,105,159,88548,54481,0.0297520661157024,0,54481_88548_0,54481_88548
1485,person,0.6485987,101,57,190,316,88548,54481,0.132294536271809,1,54481_88548_1,54481_88548
1486,chair,0.6271585999999999,225,52,327,282,88548,54481,0.1346418732782369,2,54481_88548_2,54481_88548
1487,person,0.99012333,1,36,219,353,88705,54481,0.3966138659320477,0,54481_88705_0,54481_88705
1488,person,0.94640815,243,44,481,351,88705,54481,0.4193411386593205,1,54481_88705_1,54481_88705
1489,person,0.97311825,283,34,484,348,88862,54481,0.3622245179063361,1,54481_88862_1,54481_88862
1490,person,0.9419666,0,12,152,351,88862,54481,0.2957300275482094,0,54481_88862_0,54481_88862
1491,person,0.98349875,0,30,165,349,89019,54481,0.3020833333333333,0,54481_89019_0,54481_89019
1492,person,0.78276575,269,22,484,353,89019,54481,0.4084308999081727,1,54481_89019_1,54481_89019
1493,person,0.9631949,205,112,276,254,89176,54481,0.0578627180899908,2,54481_89176_2,54481_89176
1494,person,0.8516495999999999,329,124,417,216,89176,54481,0.0464646464646464,1,54481_89176_1,54481_89176
1495,person,0.68419516,328,126,421,298,89176,54481,0.0918044077134986,4,54481_89176_4,54481_89176
1496,person,0.5876683000000001,2,187,97,352,89176,54481,0.0899621212121212,3,54481_89176_3,54481_89176
1497,person,0.58428955,195,143,221,238,89176,54481,0.0141758494031221,0,54481_89176_0,54481_89176
1498,person,0.94972557,10,135,94,350,89333,54481,0.1036501377410468,1,54481_89333_1,54481_89333
1499,person,0.9339004,330,131,443,305,89333,54481,0.1128443526170799,2,54481_89333_2,54481_89333
1500,person,0.91960114,129,152,222,296,89333,54481,0.0768595041322314,0,54481_89333_0,54481_89333
1501,person,0.99221885,65,135,133,353,89490,54481,0.0850780532598714,2,54481_89490_2,54481_89490
1502,person,0.9443415,143,159,223,349,89490,54481,0.0872359963269054,3,54481_89490_3,54481_89490
1503,person,0.9178854,257,150,365,333,89490,54481,0.1134297520661157,4,54481_89490_4,54481_89490
1504,person,0.78137094,346,145,414,300,89490,54481,0.0604912764003673,1,54481_89490_1,54481_89490
1505,person,0.70160085,205,152,264,275,89490,54481,0.0416494490358126,0,54481_89490_0,54481_89490
1506,person,0.9839626,74,40,320,355,89647,54481,0.4447314049586777,1,54481_89647_1,54481_89647
1507,person,0.50642973,344,1,481,347,89647,54481,0.2720500459136822,0,54481_89647_0,54481_89647
1508,person,0.937087,204,172,353,326,89804,54481,0.1316919191919192,0,54481_89804_0,54481_89804
1509,person,0.6313041,118,57,471,344,90118,54481,0.5814451331496786,0,54481_90118_0,54481_90118
1510,person,0.9318199,175,15,442,349,90275,54481,0.5118112947658402,0,54481_90275_0,54481_90275
1511,person,0.9859562,280,91,484,355,90432,54481,0.3090909090909091,2,54481_90432_2,54481_90432
1512,person,0.8936663,10,26,165,357,90432,54481,0.2944501836547291,1,54481_90432_1,54481_90432
1513,person,0.80155253,355,0,471,206,90432,54481,0.1371441689623508,0,54481_90432_0,54481_90432
1514,person,0.90439856,12,40,206,357,90589,54481,0.3529499540863177,2,54481_90589_2,54481_90589
1515,person,0.89150167,314,46,484,348,90589,54481,0.2946510560146924,1,54481_90589_1,54481_90589
1516,person,0.73925173,354,0,474,210,90589,54481,0.1446280991735537,0,54481_90589_0,54481_90589
1517,person,0.9738453,80,53,356,354,90746,54481,0.4767906336088154,0,54481_90746_0,54481_90746
1518,person,0.97583914,58,28,328,350,90903,54481,0.4989669421487603,0,54481_90903_0,54481_90903
1519,person,0.9803012,177,56,308,359,91060,54481,0.2278064738292011,4,54481_91060_4,54481_91060
1520,person,0.97827005,295,57,397,349,91060,54481,0.1709366391184573,3,54481_91060_3,54481_91060
1521,person,0.97162306,135,33,220,358,91060,54481,0.1585456841138659,2,54481_91060_2,54481_91060
1522,cup,0.83617944,400,275,467,334,91060,54481,0.02268709825528,0,54481_91060_0,54481_91060
1523,chair,0.6465807,388,67,470,303,91060,54481,0.1110651974288338,1,54481_91060_1,54481_91060
1524,person,0.9896662,2,43,96,351,91217,54481,0.1661616161616161,4,54481_91217_4,54481_91217
1525,person,0.9539517,230,86,351,314,91217,54481,0.1583333333333333,3,54481_91217_3,54481_91217
1526,cow,0.9005643,361,149,484,356,91217,54481,0.1461260330578512,2,54481_91217_2,54481_91217
1527,chair,0.6057944000000001,132,69,236,297,91217,54481,0.1360881542699724,1,54481_91217_1,54481_91217
1528,cup,0.5845368000000001,134,273,208,332,91217,54481,0.0250573921028466,0,54481_91217_0,54481_91217
1529,person,0.97634023,80,31,336,354,91374,54481,0.4745638200183655,0,54481_91374_0,54481_91374
1530,person,0.9725124,331,97,480,360,91531,54481,0.2249024334251607,2,54481_91531_2,54481_91531
1531,person,0.8882142,7,41,157,349,91531,54481,0.2651515151515151,3,54481_91531_3,54481_91531
1532,person,0.86229676,350,34,476,280,91531,54481,0.1778925619834711,1,54481_91531_1,54481_91531
1533,person,0.86156803,360,0,469,219,91531,54481,0.1370006887052341,0,54481_91531_0,54481_91531
1534,person,0.5583654,10,28,251,356,91531,54481,0.4536730945821855,4,54481_91531_4,54481_91531
1535,person,0.97752565,332,71,478,359,91688,54481,0.2413223140495868,3,54481_91688_3,54481_91688
1536,person,0.87645733,7,42,133,355,91688,54481,0.2263429752066116,2,54481_91688_2,54481_91688
1537,person,0.78911287,360,0,466,187,91688,54481,0.1137626262626262,1,54481_91688_1,54481_91688
1538,handbag,0.5279994,346,213,468,343,91688,54481,0.0910238751147842,0,54481_91688_0,54481_91688
1539,person,0.9815491,328,0,484,360,91845,54481,0.3223140495867768,1,54481_91845_1,54481_91845
1540,person,0.9336874,3,105,151,356,91845,54481,0.2132001836547291,0,54481_91845_0,54481_91845
1541,person,0.96299356,336,13,482,335,92002,54481,0.269811753902663,1,54481_92002_1,54481_92002
1542,person,0.9442964,7,149,164,358,92002,54481,0.188320707070707,0,54481_92002_0,54481_92002
1543,person,0.92032695,215,120,308,307,92159,54481,0.099810606060606,6,54481_92159_6,54481_92159
1544,person,0.8146061,432,113,471,244,92159,54481,0.0293216253443526,4,54481_92159_4,54481_92159
1545,person,0.7386436,136,132,191,223,92159,54481,0.0287247474747474,2,54481_92159_2,54481_92159
1546,person,0.6220281,306,131,354,220,92159,54481,0.0245179063360881,0,54481_92159_0,54481_92159
1547,person,0.56920725,378,144,429,255,92159,54481,0.0324896694214876,5,54481_92159_5,54481_92159
1548,person,0.53834826,367,116,403,237,92159,54481,0.025,1,54481_92159_1,54481_92159
1549,person,0.5158113000000001,49,114,90,238,92159,54481,0.0291781450872359,3,54481_92159_3,54481_92159
1550,person,0.98022825,158,127,252,356,92316,54481,0.1235422405876951,2,54481_92316_2,54481_92316
1551,person,0.6632996999999999,135,130,185,222,92316,54481,0.0264003673094582,0,54481_92316_0,54481_92316
1552,person,0.65977526,428,112,474,234,92316,54481,0.032208448117539,1,54481_92316_1,54481_92316
1553,person,0.9770765,42,84,229,353,92473,54481,0.2886994949494949,7,54481_92473_7,54481_92473
1554,person,0.96187997,0,20,116,347,92473,54481,0.2176997245179063,4,54481_92473_4,54481_92473
1555,person,0.84559494,294,35,430,346,92473,54481,0.2427456382001837,6,54481_92473_6,54481_92473
1556,person,0.8308584999999999,364,117,478,346,92473,54481,0.14982782369146,2,54481_92473_2,54481_92473
1557,person,0.78826773,325,69,465,346,92473,54481,0.222566574839302,5,54481_92473_5,54481_92473
1558,person,0.57787454,219,47,315,337,92473,54481,0.1597796143250688,3,54481_92473_3,54481_92473
1559,person,0.54840666,386,121,473,296,92473,54481,0.087379476584022,1,54481_92473_1,54481_92473
1560,person,0.514264,372,241,484,355,92473,54481,0.0732782369146005,0,54481_92473_0,54481_92473
1561,person,0.9640955,222,65,335,312,92630,54481,0.16018709825528,1,54481_92630_1,54481_92630
1562,person,0.94503456,18,0,267,357,92630,54481,0.5101756198347107,3,54481_92630_3,54481_92630
1563,person,0.87930745,289,136,451,352,92630,54481,0.2008264462809916,2,54481_92630_2,54481_92630
1564,tie,0.5013067,87,127,147,358,92630,54481,0.0795454545454545,0,54481_92630_0,54481_92630
1565,person,0.97831833,17,25,251,359,92787,54481,0.4485537190082645,3,54481_92787_3,54481_92787
1566,person,0.9725866,261,132,451,354,92787,54481,0.2420798898071625,2,54481_92787_2,54481_92787
1567,person,0.93950033,215,63,318,318,92787,54481,0.1507403581267217,1,54481_92787_1,54481_92787
1568,tie,0.8427093000000001,86,143,142,356,92787,54481,0.0684573002754821,0,54481_92787_0,54481_92787
1569,person,0.9716063,266,132,443,354,92944,54481,0.2255165289256198,1,54481_92944_1,54481_92944
1570,person,0.9395917,39,26,253,355,92944,54481,0.4040748393021121,2,54481_92944_2,54481_92944
1571,person,0.93170893,217,65,325,307,92944,54481,0.15,0,54481_92944_0,54481_92944
1572,person,0.9497011,215,62,309,303,93101,54481,0.130016069788797,1,54481_93101_1,54481_93101
1573,person,0.9222846,19,14,266,349,93101,54481,0.4748909550045914,3,54481_93101_3,54481_93101
1574,person,0.8717339,273,142,417,351,93101,54481,0.1727272727272727,2,54481_93101_2,54481_93101
1575,tie,0.64466923,83,131,142,360,93101,54481,0.0775424701561065,0,54481_93101_0,54481_93101
1576,person,0.84634906,207,132,271,228,93258,54481,0.0352617079889807,4,54481_93258_4,54481_93258
1577,horse,0.77397805,280,112,323,223,93258,54481,0.0273932506887052,2,54481_93258_2,54481_93258
1578,person,0.74353236,335,110,379,215,93258,54481,0.0265151515151515,0,54481_93258_0,54481_93258
1579,person,0.6495819,419,104,459,238,93258,54481,0.0307621671258034,3,54481_93258_3,54481_93258
1580,person,0.51534486,18,72,57,194,93258,54481,0.0273071625344352,1,54481_93258_1,54481_93258
1581,person,0.909336,198,125,282,349,93415,54481,0.1079889807162534,6,54481_93415_6,54481_93415
1582,person,0.85047936,36,117,128,262,93415,54481,0.0765610651974288,5,54481_93415_5,54481_93415
1583,person,0.74983174,417,107,462,237,93415,54481,0.0335743801652892,3,54481_93415_3,54481_93415
1584,person,0.7128425,210,135,274,232,93415,54481,0.0356290174471992,4,54481_93415_4,54481_93415
1585,person,0.656335,333,110,378,218,93415,54481,0.027892561983471,1,54481_93415_1,54481_93415
1586,person,0.6533523,49,74,84,158,93415,54481,0.0168732782369146,0,54481_93415_0,54481_93415
1587,person,0.5697855,117,114,151,259,93415,54481,0.0282943067033976,2,54481_93415_2,54481_93415
1588,person,0.9806011999999998,271,114,355,349,93572,54481,0.1132920110192837,7,54481_93572_7,54481_93572
1589,person,0.92490506,76,116,127,268,93572,54481,0.0444903581267217,6,54481_93572_6,54481_93572
1590,person,0.8270365,390,110,440,248,93572,54481,0.0396005509641873,5,54481_93572_5,54481_93572
1591,person,0.7120241999999999,49,70,85,186,93572,54481,0.0239669421487603,0,54481_93572_0,54481_93572
1592,person,0.6575778,117,113,152,235,93572,54481,0.0245064279155188,1,54481_93572_1,54481_93572
1593,person,0.62473565,194,129,248,220,93572,54481,0.0282024793388429,3,54481_93572_3,54481_93572
1594,person,0.6031074000000001,352,125,404,225,93572,54481,0.0298438934802571,4,54481_93572_4,54481_93572
1595,person,0.58243716,435,154,478,258,93572,54481,0.0256657483930211,2,54481_93572_2,54481_93572
1596,person,0.9624146,25,55,165,355,93729,54481,0.2410468319559229,0,54481_93729_0,54481_93729
1597,person,0.8284590000000001,109,46,377,356,93729,54481,0.4768135904499541,4,54481_93729_4,54481_93729
1598,person,0.8257892,82,99,260,360,93729,54481,0.2666322314049587,2,54481_93729_2,54481_93729
1599,person,0.8001259000000001,43,88,209,360,93729,54481,0.2591368227731864,1,54481_93729_1,54481_93729
1600,person,0.682092,196,34,362,359,93729,54481,0.3096303948576676,3,54481_93729_3,54481_93729
1601,person,0.9829936,13,33,152,353,93886,54481,0.2552800734618916,3,54481_93886_3,54481_93886
1602,person,0.97733355,341,24,474,350,93886,54481,0.2488406795224977,1,54481_93886_1,54481_93886
1603,person,0.97091955,110,94,285,348,93886,54481,0.2551078971533517,2,54481_93886_2,54481_93886
1604,person,0.8335806999999998,273,68,361,322,93886,54481,0.1282828282828282,0,54481_93886_0,54481_93886
1605,person,0.98890126,133,126,286,300,94043,54481,0.1527892561983471,6,54481_94043_6,54481_94043
1606,person,0.9471057,437,113,479,260,94043,54481,0.0354338842975206,3,54481_94043_3,54481_94043
1607,person,0.93360364,383,135,442,273,94043,54481,0.046728650137741,5,54481_94043_5,54481_94043
1608,person,0.81537294,371,111,410,259,94043,54481,0.0331267217630854,1,54481_94043_1,54481_94043
1609,person,0.78029686,263,110,313,232,94043,54481,0.0350091827364554,2,54481_94043_2,54481_94043
1610,person,0.6341746,298,131,361,239,94043,54481,0.0390495867768595,4,54481_94043_4,54481_94043
1611,person,0.6327805000000001,73,173,130,262,94043,54481,0.0291150137741046,0,54481_94043_0,54481_94043
1612,person,0.98071194,21,39,162,354,94200,54481,0.2549070247933884,2,54481_94200_2,54481_94200
1613,person,0.97913396,107,115,322,355,94200,54481,0.2961432506887052,3,54481_94200_3,54481_94200
1614,person,0.96909386,369,33,478,360,94200,54481,0.2045626721763084,1,54481_94200_1,54481_94200
1615,person,0.9301729,284,75,387,331,94200,54481,0.1513314967860422,0,54481_94200_0,54481_94200
1616,person,0.97158563,77,60,358,354,94357,54481,0.4741391184573003,2,54481_94357_2,54481_94357
1617,person,0.85741484,413,195,474,302,94357,54481,0.0374598255280073,0,54481_94357_0,54481_94357
1618,person,0.8179231,234,140,446,348,94357,54481,0.2530762167125803,1,54481_94357_1,54481_94357
1619,person,0.5810448,129,88,450,359,94357,54481,0.4992596418732783,3,54481_94357_3,54481_94357
1620,person,0.9917789,167,96,262,310,94514,54481,0.116678145087236,8,54481_94514_8,54481_94514
1621,person,0.948668,436,114,479,258,94514,54481,0.0355371900826446,4,54481_94514_4,54481_94514
1622,person,0.8826904000000001,377,122,436,269,94514,54481,0.049776170798898,7,54481_94514_7,54481_94514
1623,person,0.87194735,262,110,311,237,94514,54481,0.0357151056014692,5,54481_94514_5,54481_94514
1624,person,0.72661924,23,125,54,264,94514,54481,0.0247302571166207,0,54481_94514_0,54481_94514
1625,person,0.71352905,371,113,415,260,94514,54481,0.0371212121212121,6,54481_94514_6,54481_94514
1626,person,0.65659636,101,147,158,251,94514,54481,0.0340220385674931,3,54481_94514_3,54481_94514
1627,person,0.65225387,302,136,355,236,94514,54481,0.0304178145087236,2,54481_94514_2,54481_94514
1628,person,0.5310799,70,172,129,258,94514,54481,0.0291207529843893,1,54481_94514_1,54481_94514
1629,person,0.97641003,9,13,251,352,94671,54481,0.4708333333333333,2,54481_94671_2,54481_94671
1630,person,0.97168916,219,74,351,345,94671,54481,0.2053030303030303,1,54481_94671_1,54481_94671
1631,person,0.9511285,297,156,453,357,94671,54481,0.1799586776859504,0,54481_94671_0,54481_94671
1632,person,0.9829601,129,106,255,300,94828,54481,0.1402892561983471,8,54481_94828_8,54481_94828
1633,person,0.79967374,459,88,477,248,94828,54481,0.0165289256198347,0,54481_94828_0,54481_94828
1634,person,0.771551,243,81,291,200,94828,54481,0.0327823691460055,4,54481_94828_4,54481_94828
1635,person,0.6902333,426,94,466,251,94828,54481,0.0360422405876951,6,54481_94828_6,54481_94828
1636,person,0.64496154,30,98,62,218,94828,54481,0.0220385674931129,1,54481_94828_1,54481_94828
1637,person,0.6308014000000001,397,84,436,233,94828,54481,0.0333505509641873,5,54481_94828_5,54481_94828
1638,person,0.6139028,278,106,332,205,94828,54481,0.0306818181818181,3,54481_94828_3,54481_94828
1639,bottle,0.6031936,44,235,119,358,94828,54481,0.052944214876033,7,54481_94828_7,54481_94828
1640,person,0.54008263,332,98,368,219,94828,54481,0.025,2,54481_94828_2,54481_94828
1641,person,0.9954035,263,83,377,315,94985,54481,0.1517906336088154,5,54481_94985_5,54481_94985
1642,person,0.98852915,96,75,187,294,94985,54481,0.1143767217630854,4,54481_94985_4,54481_94985
1643,person,0.97110635,411,117,458,262,94985,54481,0.0391127180899908,2,54481_94985_2,54481_94985
1644,person,0.86536413,235,101,285,250,94985,54481,0.0427571166207529,3,54481_94985_3,54481_94985
1645,person,0.75371647,371,132,417,272,94985,54481,0.0369605142332415,1,54481_94985_1,54481_94985
1646,person,0.5511805000000001,349,115,384,257,94985,54481,0.0285238751147842,0,54481_94985_0,54481_94985
1647,person,0.98134375,411,116,457,263,95142,54481,0.0388085399449035,4,54481_95142_4,54481_95142
1648,person,0.9461956,106,116,176,283,95142,54481,0.0670913682277318,6,54481_95142_6,54481_95142
1649,person,0.9353959,238,104,288,237,95142,54481,0.0381657483930211,3,54481_95142_3,54481_95142
1650,person,0.8972306999999999,356,140,413,271,95142,54481,0.0428546831955922,5,54481_95142_5,54481_95142
1651,person,0.7228366999999999,163,130,203,250,95142,54481,0.0275482093663911,0,54481_95142_0,54481_95142
1652,person,0.6408096999999999,18,140,60,259,95142,54481,0.0286845730027548,2,54481_95142_2,54481_95142
1653,person,0.5874255,336,125,372,262,95142,54481,0.0283057851239669,1,54481_95142_1,54481_95142
1654,person,0.9816511999999998,165,0,477,359,95299,54481,0.6428374655647383,1,54481_95299_1,54481_95299
1655,horse,0.5502523,0,113,273,360,95299,54481,0.3870006887052342,0,54481_95299_0,54481_95299
1656,person,0.93233067,33,85,364,262,95456,54481,0.3362431129476584,4,54481_95456_4,54481_95456
1657,person,0.8006496,435,4,481,108,95456,54481,0.0274563820018365,1,54481_95456_1,54481_95456
1658,person,0.7829646,14,1,49,113,95456,54481,0.0224977043158861,0,54481_95456_0,54481_95456
1659,person,0.7141408,41,1,85,121,95456,54481,0.0303030303030303,2,54481_95456_2,54481_95456
1660,person,0.63513553,151,226,469,354,95456,54481,0.2336088154269972,3,54481_95456_3,54481_95456
1661,person,0.9975351,20,50,140,356,95613,54481,0.2107438016528925,4,54481_95613_4,54481_95613
1662,horse,0.97515786,115,81,205,289,95613,54481,0.1074380165289256,1,54481_95613_1,54481_95613
1663,person,0.9034602,369,69,455,327,95613,54481,0.1273415977961432,3,54481_95613_3,54481_95613
1664,person,0.875526,233,36,307,289,95613,54481,0.1074494949494949,2,54481_95613_2,54481_95613
1665,person,0.7777468000000001,391,114,473,341,95613,54481,0.1068296602387511,0,54481_95613_0,54481_95613
1666,person,0.98886895,287,108,395,350,95770,54481,0.15,1,54481_95770_1,54481_95770
1667,person,0.9794388,0,27,242,360,95770,54481,0.4625,3,54481_95770_3,54481_95770
1668,person,0.954304,180,112,288,331,95770,54481,0.1357438016528925,0,54481_95770_0,54481_95770
1669,person,0.9193565,374,9,480,355,95770,54481,0.2104912764003673,2,54481_95770_2,54481_95770
1670,person,0.9169357,75,24,390,348,95927,54481,0.5857438016528925,0,54481_95927_0,54481_95927
1671,person,0.98381597,210,90,434,360,96084,54481,0.3471074380165289,3,54481_96084_3,54481_96084
1672,person,0.9822642,43,73,258,352,96084,54481,0.3442665289256198,2,54481_96084_2,54481_96084
1673,person,0.9077944,0,94,94,350,96084,54481,0.1381083562901744,1,54481_96084_1,54481_96084
1674,person,0.63416445,361,123,427,214,96084,54481,0.0344696969696969,0,54481_96084_0,54481_96084
1675,person,0.990573,27,46,247,353,96241,54481,0.3876262626262626,1,54481_96241_1,54481_96241
1676,person,0.9836182,224,34,440,353,96241,54481,0.3954545454545455,2,54481_96241_2,54481_96241
1677,person,0.8841753000000001,2,93,78,359,96241,54481,0.1160238751147842,0,54481_96241_0,54481_96241
1678,person,0.92067695,125,34,374,349,96398,54481,0.450154958677686,1,54481_96398_1,54481_96398
1679,person,0.78859836,247,282,328,354,96398,54481,0.0334710743801652,0,54481_96398_0,54481_96398
1680,person,0.98292315,37,64,184,353,96555,54481,0.243818870523416,1,54481_96555_1,54481_96555
1681,person,0.9732622,344,159,479,349,96555,54481,0.1472107438016529,0,54481_96555_0,54481_96555
1682,person,0.9905901,170,0,403,357,96712,54481,0.4773932506887053,1,54481_96712_1,54481_96712
1683,horse,0.9633057,32,15,204,355,96712,54481,0.3356290174471992,0,54481_96712_0,54481_96712
1684,person,0.9918737,153,0,401,359,96869,54481,0.5109733700642791,1,54481_96869_1,54481_96869
1685,horse,0.5014715000000001,15,18,222,354,96869,54481,0.3991735537190082,0,54481_96869_0,54481_96869
1686,person,0.9956815,214,0,459,360,97026,54481,0.506198347107438,1,54481_97026_1,54481_97026
1687,horse,0.9702804,45,59,254,357,97026,54481,0.3574494949494949,0,54481_97026_0,54481_97026
1688,person,0.97380245,30,58,234,353,97183,54481,0.3453856749311295,1,54481_97183_1,54481_97183
1689,chair,0.5725011999999999,248,216,424,355,97183,54481,0.1404040404040404,0,54481_97183_0,54481_97183
1690,person,0.9942399,5,60,239,356,97340,54481,0.3975206611570248,1,54481_97340_1,54481_97340
1691,person,0.9080713,279,59,441,349,97340,54481,0.2696280991735537,0,54481_97340_0,54481_97340
1692,person,0.9872574,21,34,301,356,97497,54481,0.5174471992653811,2,54481_97497_2,54481_97497
1693,person,0.93059886,211,53,447,355,97497,54481,0.4090449954086317,1,54481_97497_1,54481_97497
1694,person,0.6952911,319,51,445,356,97497,54481,0.2205578512396694,0,54481_97497_0,54481_97497
1695,person,0.9637853,8,100,239,353,97811,54481,0.3354166666666666,3,54481_97811_3,54481_97811
1696,person,0.93961,245,96,465,350,97811,54481,0.3207070707070707,2,54481_97811_2,54481_97811
1697,person,0.8805881999999999,169,36,326,220,97811,54481,0.1657943067033976,0,54481_97811_0,54481_97811
1698,person,0.67539364,181,90,371,337,97811,54481,0.2693411386593205,1,54481_97811_1,54481_97811
1699,person,0.97649753,244,99,465,345,97968,54481,0.3120179063360881,2,54481_97968_2,54481_97968
1700,person,0.96552247,15,101,251,350,97968,54481,0.337258953168044,3,54481_97968_3,54481_97968
1701,person,0.91152364,164,36,309,228,97968,54481,0.1597796143250688,0,54481_97968_0,54481_97968
1702,person,0.6044548000000001,149,49,305,304,97968,54481,0.2283057851239669,1,54481_97968_1,54481_97968
1703,person,0.53982747,56,109,380,345,97968,54481,0.4388429752066116,4,54481_97968_4,54481_97968
1704,person,0.9799745,244,94,463,347,98125,54481,0.3179924242424242,1,54481_98125_1,54481_98125
1705,person,0.9781732,14,106,259,355,98125,54481,0.3501205234159779,2,54481_98125_2,54481_98125
1706,person,0.9133807,170,35,311,232,98125,54481,0.1594180440771349,0,54481_98125_0,54481_98125
1707,person,0.71633947,139,102,435,350,98125,54481,0.4213039485766759,4,54481_98125_4,54481_98125
1708,person,0.6936886999999999,56,120,367,348,98125,54481,0.4069559228650137,3,54481_98125_3,54481_98125
1709,person,0.98407894,5,103,267,352,98282,54481,0.3744146005509642,3,54481_98282_3,54481_98282
1710,person,0.97000086,259,105,468,354,98282,54481,0.2986742424242424,1,54481_98282_1,54481_98282
1711,person,0.8900545,169,47,322,281,98282,54481,0.2054752066115702,0,54481_98282_0,54481_98282
1712,person,0.67425215,186,116,423,345,98282,54481,0.3114841597796143,2,54481_98282_2,54481_98282
1713,person,0.51645905,57,116,392,352,98282,54481,0.4537419651056015,4,54481_98282_4,54481_98282
1714,person,0.9845018,225,105,471,350,98439,54481,0.3459022038567493,2,54481_98439_2,54481_98439
1715,person,0.9835877,1,106,201,352,98439,54481,0.2823691460055097,1,54481_98439_1,54481_98439
1716,person,0.9096417,171,42,320,286,98439,54481,0.2086547291092744,0,54481_98439_0,54481_98439
1717,person,0.9889572,7,83,236,358,98596,54481,0.3614267676767677,0,54481_98596_0,54481_98596
1718,person,0.9853265,223,79,471,340,98596,54481,0.3714876033057851,1,54481_98596_1,54481_98596
1719,person,0.91244525,245,25,339,359,98753,54481,0.180188246097337,1,54481_98753_1,54481_98753
1720,potted plant,0.8703869000000001,78,142,161,293,98753,54481,0.0719295224977043,0,54481_98753_0,54481_98753
1721,person,0.9326205,119,239,201,358,98910,54481,0.0560032139577594,2,54481_98910_2,54481_98910
1722,person,0.7239191999999999,24,209,123,350,98910,54481,0.0801136363636363,4,54481_98910_4,54481_98910
1723,potted plant,0.69013405,430,125,479,322,98910,54481,0.0554005968778696,1,54481_98910_1,54481_98910
1724,potted plant,0.52683586,154,185,246,297,98910,54481,0.0591368227731864,3,54481_98910_3,54481_98910
1725,person,0.5252233000000001,6,268,25,360,98910,54481,0.0100321395775941,0,54481_98910_0,54481_98910
1726,person,0.97044003,389,11,484,355,99067,54481,0.1875573921028466,4,54481_99067_4,54481_99067
1727,potted plant,0.76778036,194,144,283,288,99067,54481,0.0735537190082644,1,54481_99067_1,54481_99067
1728,person,0.7153086,49,210,103,280,99067,54481,0.021694214876033,0,54481_99067_0,54481_99067
1729,person,0.5816505999999999,75,230,199,358,99067,54481,0.0910927456382002,2,54481_99067_2,54481_99067
1730,person,0.5633534,28,208,198,352,99067,54481,0.140495867768595,3,54481_99067_3,54481_99067
1731,person,0.96188235,366,0,478,357,99224,54481,0.2294765840220385,2,54481_99224_2,54481_99224
1732,person,0.9572207,215,193,326,355,99224,54481,0.1032024793388429,1,54481_99224_1,54481_99224
1733,person,0.80133325,105,242,185,358,99224,54481,0.0532598714416896,0,54481_99224_0,54481_99224
1734,person,0.9851391,174,139,288,355,99381,54481,0.1413223140495867,2,54481_99381_2,54481_99381
1735,person,0.88547605,384,0,481,360,99381,54481,0.2004132231404958,3,54481_99381_3,54481_99381
1736,person,0.7696793000000001,85,237,170,356,99381,54481,0.0580521120293847,1,54481_99381_1,54481_99381
1737,person,0.5837817,9,198,94,316,99381,54481,0.0575642791551882,0,54481_99381_0,54481_99381
1738,person,0.9919016,185,143,284,356,99538,54481,0.1210227272727272,2,54481_99538_2,54481_99538
1739,person,0.9201126,366,28,484,360,99538,54481,0.2248393021120292,3,54481_99538_3,54481_99538
1740,person,0.83898354,85,224,172,355,99538,54481,0.065409779614325,1,54481_99538_1,54481_99538
1741,person,0.56138533,14,203,82,281,99538,54481,0.0304407713498622,0,54481_99538_0,54481_99538
1742,person,0.96707827,163,162,287,360,99695,54481,0.1409090909090909,5,54481_99695_5,54481_99695
1743,person,0.9274093,240,119,411,351,99695,54481,0.2276859504132231,6,54481_99695_6,54481_99695
1744,person,0.91378695,295,117,416,277,99695,54481,0.1111111111111111,4,54481_99695_4,54481_99695
1745,person,0.71385604,70,189,169,324,99695,54481,0.0767045454545454,1,54481_99695_1,54481_99695
1746,person,0.6672643,22,172,133,321,99695,54481,0.0949207988980716,3,54481_99695_3,54481_99695
1747,potted plant,0.6578946999999999,158,105,244,226,99695,54481,0.0597222222222222,0,54481_99695_0,54481_99695
1748,person,0.5626866999999999,7,155,97,316,99695,54481,0.0831611570247933,2,54481_99695_2,54481_99695
1749,person,0.7623804,393,112,469,325,99852,54481,0.0929063360881542,2,54481_99852_2,54481_99852
1750,person,0.7170189,183,125,277,318,99852,54481,0.1041207529843893,3,54481_99852_3,54481_99852
1751,person,0.6217341,39,190,185,321,99852,54481,0.1097681359044995,4,54481_99852_4,54481_99852
1752,person,0.53170055,374,113,465,270,99852,54481,0.0819960973370064,1,54481_99852_1,54481_99852
1753,person,0.5250418,425,115,476,347,99852,54481,0.0679063360881542,0,54481_99852_0,54481_99852
1754,person,0.9752153,387,82,469,339,100009,54481,0.1209481175390266,4,54481_100009_4,54481_100009
1755,person,0.85565895,235,208,340,346,100009,54481,0.0831611570247933,2,54481_100009_2,54481_100009
1756,potted plant,0.82719725,154,125,251,242,100009,54481,0.0651342975206611,0,54481_100009_0,54481_100009
1757,person,0.76808774,86,196,179,327,100009,54481,0.0699207988980716,1,54481_100009_1,54481_100009
1758,person,0.6603198,29,183,175,327,100009,54481,0.1206611570247934,3,54481_100009_3,54481_100009
1759,person,0.9693959,8,186,116,358,100166,54481,0.1066115702479338,1,54481_100166_1,54481_100166
1760,person,0.9671432,277,47,371,273,100166,54481,0.1219237832874196,3,54481_100166_3,54481_100166
1761,person,0.9536984,330,200,452,359,100166,54481,0.1113292011019283,2,54481_100166_2,54481_100166
1762,person,0.750464,137,139,381,360,100166,54481,0.3094811753902663,4,54481_100166_4,54481_100166
1763,person,0.7126307,196,125,306,289,100166,54481,0.1035353535353535,0,54481_100166_0,54481_100166
1764,person,0.9584518,276,39,376,264,100323,54481,0.1291322314049586,3,54481_100323_3,54481_100323
1765,person,0.83528847,22,183,104,347,100323,54481,0.0771808999081726,1,54481_100323_1,54481_100323
1766,person,0.7867801999999999,115,116,320,352,100323,54481,0.2776629935720845,6,54481_100323_6,54481_100323
1767,person,0.772059,330,187,477,354,100323,54481,0.1408918732782369,4,54481_100323_4,54481_100323
1768,person,0.6706276999999999,172,123,273,317,100323,54481,0.1124540863177226,2,54481_100323_2,54481_100323
1769,person,0.5399941,338,195,419,281,100323,54481,0.0399793388429752,0,54481_100323_0,54481_100323
1770,person,0.5275198,200,186,451,357,100323,54481,0.2463326446280992,5,54481_100323_5,54481_100323
1771,person,0.9367061,240,56,442,347,100480,54481,0.3373622589531681,3,54481_100480_3,54481_100480
1772,person,0.87788177,43,36,245,351,100480,54481,0.3651859504132232,4,54481_100480_4,54481_100480
1773,potted plant,0.73054624,405,68,466,228,100480,54481,0.0560146923783287,0,54481_100480_0,54481_100480
1774,person,0.5661889,188,71,331,356,100480,54481,0.2339015151515151,2,54481_100480_2,54481_100480
1775,person,0.53627217,8,124,180,348,100480,54481,0.2211202938475665,1,54481_100480_1,54481_100480
1776,person,0.9322345,28,26,231,352,100637,54481,0.3798094582185491,4,54481_100637_4,54481_100637
1777,person,0.91566575,256,77,426,341,100637,54481,0.2575757575757576,2,54481_100637_2,54481_100637
1778,potted plant,0.87260115,401,89,466,227,100637,54481,0.0514807162534435,0,54481_100637_0,54481_100637
1779,person,0.73909384,142,79,318,351,100637,54481,0.2747474747474747,3,54481_100637_3,54481_100637
1780,person,0.5701025,219,85,319,351,100637,54481,0.1526629935720845,1,54481_100637_1,54481_100637
1781,person,0.9249673,423,14,481,256,100794,54481,0.0805555555555555,0,54481_100794_0,54481_100794
1782,person,0.8695636999999998,272,77,421,236,100794,54481,0.1359676308539945,4,54481_100794_4,54481_100794
1783,person,0.8624204,188,75,404,354,100794,54481,0.3458677685950413,7,54481_100794_7,54481_100794
1784,person,0.8054095,82,129,299,343,100794,54481,0.2665174471992654,6,54481_100794_6,54481_100794
1785,person,0.7852376,22,70,178,345,100794,54481,0.2462121212121212,5,54481_100794_5,54481_100794
1786,person,0.6561504,24,75,128,247,100794,54481,0.1026629935720844,2,54481_100794_2,54481_100794
1787,person,0.6298035,131,138,290,254,100794,54481,0.1058539944903581,3,54481_100794_3,54481_100794
1788,person,0.5125358,0,134,86,340,100794,54481,0.1016758494031221,1,54481_100794_1,54481_100794
1789,person,0.9698276,222,179,432,360,100951,54481,0.2181473829201101,5,54481_100951_5,54481_100951
1790,person,0.9678237,332,168,441,360,100951,54481,0.1201101928374655,3,54481_100951_3,54481_100951
1791,person,0.9458194,180,60,245,284,100951,54481,0.0835629017447199,2,54481_100951_2,54481_100951
1792,person,0.8397665000000001,308,72,368,284,100951,54481,0.0730027548209366,1,54481_100951_1,54481_100951
1793,potted plant,0.81071395,359,95,439,234,100951,54481,0.0638200183654729,0,54481_100951_0,54481_100951
1794,person,0.7424259,11,187,178,350,100951,54481,0.1562270431588613,4,54481_100951_4,54481_100951
1795,person,0.99254674,224,171,454,356,101108,54481,0.2442033976124885,5,54481_101108_5,54481_101108
1796,person,0.93767977,129,33,195,273,101108,54481,0.0909090909090909,4,54481_101108_4,54481_101108
1797,person,0.7844514,305,74,367,223,101108,54481,0.0530188246097337,3,54481_101108_3,54481_101108
1798,person,0.72242785,419,183,459,245,101108,54481,0.0142332415059687,0,54481_101108_0,54481_101108
1799,chair,0.64932406,247,112,301,167,101108,54481,0.0170454545454545,1,54481_101108_1,54481_101108
1800,person,0.6080545999999999,416,182,463,346,101108,54481,0.0442378328741965,2,54481_101108_2,54481_101108
1801,potted plant,0.88238525,358,107,443,289,101265,54481,0.0887855831037649,1,54481_101265_1,54481_101265
1802,person,0.83026916,16,199,177,354,101265,54481,0.1432219926538108,2,54481_101265_2,54481_101265
1803,person,0.8194546,171,56,238,274,101265,54481,0.0838269054178145,0,54481_101265_0,54481_101265
1804,person,0.9890171,323,68,478,360,101422,54481,0.2597566574839302,0,54481_101422_0,54481_101422
1805,person,0.98621887,14,48,217,347,101422,54481,0.3483528466483012,1,54481_101422_1,54481_101422
1806,person,0.9909547,10,34,221,348,101579,54481,0.3802456382001837,1,54481_101579_1,54481_101579
1807,person,0.9858183,323,74,474,358,101579,54481,0.2461202938475665,0,54481_101579_0,54481_101579
1808,person,0.9717737,59,31,382,360,101736,54481,0.6098886593204775,1,54481_101736_1,54481_101736
1809,person,0.9501792,192,66,400,360,101736,54481,0.3509641873278237,0,54481_101736_0,54481_101736
1810,person,0.98569053,94,59,309,346,101893,54481,0.3541379706152433,1,54481_101893_1,54481_101893
1811,person,0.831025,208,72,349,348,101893,54481,0.2233471074380165,0,54481_101893_0,54481_101893
1812,person,0.9921516,47,66,306,356,102050,54481,0.4310720844811754,0,54481_102050_0,54481_102050
1813,person,0.97038406,118,46,319,357,102207,54481,0.3587637741046832,1,54481_102207_1,54481_102207
1814,person,0.5366786,288,59,413,354,102207,54481,0.2116333792470156,0,54481_102207_0,54481_102207
1815,person,0.9846971,95,1,325,360,102364,54481,0.473886593204775,1,54481_102364_1,54481_102364
1816,horse,0.96844304,279,75,415,358,102364,54481,0.22089072543618,0,54481_102364_0,54481_102364
1817,person,0.99040234,74,42,306,358,102521,54481,0.4207529843893481,1,54481_102521_1,54481_102521
1818,horse,0.92255,267,66,401,341,102521,54481,0.2114898989898988,0,54481_102521_0,54481_102521
1819,person,0.9899857,88,58,319,359,102678,54481,0.3990530303030303,0,54481_102678_0,54481_102678
1820,person,0.98181355,6,34,268,360,102835,54481,0.4901974288337925,1,54481_102835_1,54481_102835
1821,person,0.9351808,206,74,426,355,102835,54481,0.3547979797979798,0,54481_102835_0,54481_102835
1822,person,0.8208252,42,38,385,356,102835,54481,0.6259986225895317,2,54481_102835_2,54481_102835
1823,person,0.97849566,3,0,292,353,102992,54481,0.5854970156106519,1,54481_102992_1,54481_102992
1824,person,0.95489943,283,82,480,351,102992,54481,0.3041379706152433,0,54481_102992_0,54481_102992
1825,person,0.94146484,6,48,448,354,103149,54481,0.7762396694214876,0,54481_103149_0,54481_103149
1826,person,0.98566633,11,0,406,354,103306,54481,0.8025137741046832,0,54481_103306_0,54481_103306
1827,person,0.9848423,3,0,384,358,103463,54481,0.7828168044077135,1,54481_103463_1,54481_103463
1828,person,0.5784093000000001,197,92,438,360,103463,54481,0.370684113865932,0,54481_103463_0,54481_103463
1829,person,0.9823109,0,0,260,355,103620,54481,0.5297291092745638,1,54481_103620_1,54481_103620
1830,person,0.9641893,210,45,472,354,103620,54481,0.4646349862258953,0,54481_103620_0,54481_103620
1831,person,0.9810754,0,0,245,353,103777,54481,0.4963556014692378,1,54481_103777_1,54481_103777
1832,person,0.97106737,219,43,472,360,103777,54481,0.4602904040404041,0,54481_103777_0,54481_103777
1833,person,0.5470550000000001,14,3,475,360,103777,54481,0.9445420110192836,2,54481_103777_2,54481_103777
1834,person,0.99360776,0,2,308,358,103934,54481,0.6292929292929293,1,54481_103934_1,54481_103934
1835,person,0.89431745,357,90,476,347,103934,54481,0.1755222681359045,0,54481_103934_0,54481_103934
1836,person,0.9812924,1,9,292,358,104091,54481,0.5828684573002755,1,54481_104091_1,54481_104091
1837,person,0.94937855,365,127,479,357,104091,54481,0.1504820936639118,0,54481_104091_0,54481_104091
1838,person,0.9728062,194,31,473,355,104248,54481,0.518801652892562,2,54481_104248_2,54481_104248
1839,person,0.971833,0,7,243,352,104248,54481,0.4811466942148761,1,54481_104248_1,54481_104248
1840,person,0.73808223,39,8,456,360,104248,54481,0.8424242424242424,3,54481_104248_3,54481_104248
1841,person,0.659538,0,1,158,316,104248,54481,0.2856404958677686,0,54481_104248_0,54481_104248
1842,person,0.98411924,0,8,237,353,104405,54481,0.4692665289256198,1,54481_104405_1,54481_104405
1843,person,0.9783715,196,30,469,355,104405,54481,0.509211432506887,2,54481_104405_2,54481_104405
1844,person,0.78822553,42,9,462,360,104405,54481,0.8460743801652892,3,54481_104405_3,54481_104405
1845,person,0.6637835,0,3,157,322,104405,54481,0.2874368686868687,0,54481_104405_0,54481_104405
1846,person,0.97765505,182,23,459,355,104562,54481,0.5278007346189164,1,54481_104562_1,54481_104562
1847,person,0.9669221,0,6,224,352,104562,54481,0.444811753902663,0,54481_104562_0,54481_104562
1848,person,0.7835956999999999,11,6,408,360,104562,54481,0.8065771349862259,2,54481_104562_2,54481_104562
1849,person,0.9770462,1,6,321,357,104719,54481,0.6446280991735537,1,54481_104719_1,54481_104719
1850,person,0.9458073,288,86,477,354,104719,54481,0.2907024793388429,0,54481_104719_0,54481_104719
1851,person,0.9769572,7,16,272,360,104876,54481,0.5231864095500459,1,54481_104876_1,54481_104876
1852,person,0.9598515,275,88,472,351,104876,54481,0.2973542240587695,0,54481_104876_0,54481_104876
1853,person,0.9902214,11,74,330,354,105033,54481,0.5126262626262627,0,54481_105033_0,54481_105033
1854,person,0.9556682,5,35,245,338,105190,54481,0.4173553719008264,1,54481_105190_1,54481_105190
1855,person,0.94235015,288,80,423,348,105190,54481,0.2076446280991736,0,54481_105190_0,54481_105190
1856,person,0.8907784,280,65,479,344,105347,54481,0.318646694214876,0,54481_105347_0,54481_105347
1857,person,0.89037126,2,29,241,356,105347,54481,0.4485365013774105,1,54481_105347_1,54481_105347
1858,person,0.9377846,202,70,457,355,105504,54481,0.4170971074380165,0,54481_105504_0,54481_105504
1859,person,0.986909,225,114,432,346,105661,54481,0.2756198347107438,0,54481_105661_0,54481_105661
1860,person,0.9742596,125,34,264,206,105818,54481,0.1372130394857667,3,54481_105818_3,54481_105818
1861,person,0.92605287,274,182,380,297,105818,54481,0.0699609733700642,2,54481_105818_2,54481_105818
1862,vase,0.6602993,168,144,230,210,105818,54481,0.0234848484848484,0,54481_105818_0,54481_105818
1863,potted plant,0.6420884,415,111,480,269,105818,54481,0.0589416896235078,1,54481_105818_1,54481_105818
1864,person,0.85491544,280,168,381,294,105975,54481,0.0730371900826446,1,54481_105975_1,54481_105975
1865,potted plant,0.8419367,408,102,482,254,105975,54481,0.06455463728191,0,54481_105975_0,54481_105975
1866,person,0.71608996,243,76,311,286,105975,54481,0.0819559228650137,2,54481_105975_2,54481_105975
1867,person,0.98390687,202,21,478,349,106132,54481,0.5195592286501377,0,54481_106132_0,54481_106132
1868,person,0.9709428,185,48,371,349,106289,54481,0.3213154269972452,2,54481_106289_2,54481_106289
1869,person,0.95735395,31,120,131,357,106289,54481,0.1360192837465564,0,54481_106289_0,54481_106289
1870,chair,0.7952712,207,144,371,357,106289,54481,0.2004820936639118,1,54481_106289_1,54481_106289
1871,person,0.97569907,187,110,274,356,106446,54481,0.1228305785123966,0,54481_106446_0,54481_106446
1872,potted plant,0.86595464,414,123,478,282,106603,54481,0.0584022038567493,2,54481_106603_2,54481_106603
1873,person,0.8192311999999999,240,194,368,346,106603,54481,0.1116620752984389,3,54481_106603_3,54481_106603
1874,vase,0.80010873,32,149,73,195,106603,54481,0.0108241505968778,0,54481_106603_0,54481_106603
1875,person,0.7637605,324,88,378,222,106603,54481,0.0415289256198347,1,54481_106603_1,54481_106603
1876,vase,0.9676609,70,136,105,181,106760,54481,0.0090392561983471,0,54481_106760_0,54481_106760
1877,potted plant,0.9516976,423,112,479,262,106760,54481,0.0482093663911845,1,54481_106760_1,54481_106760
1878,person,0.86358577,273,171,362,290,106760,54481,0.0607839761248852,3,54481_106760_3,54481_106760
1879,person,0.78693753,334,82,406,210,106760,54481,0.052892561983471,2,54481_106760_2,54481_106760
1880,bed,0.7380223000000001,0,172,423,353,106760,54481,0.4394111570247934,4,54481_106760_4,54481_106760
1881,person,0.9172943,325,93,407,192,106917,54481,0.046590909090909,2,54481_106917_2,54481_106917
1882,person,0.90722257,205,128,330,314,106917,54481,0.1334366391184573,3,54481_106917_3,54481_106917
1883,vase,0.9071574,74,137,109,177,106917,54481,0.0080348943985307,0,54481_106917_0,54481_106917
1884,potted plant,0.81435,427,112,480,264,106917,54481,0.0462350780532598,1,54481_106917_1,54481_106917
1885,person,0.5845659000000001,133,130,338,320,106917,54481,0.2235422405876951,4,54481_106917_4,54481_106917
1886,bed,0.538473,26,144,455,353,106917,54481,0.5145833333333333,5,54481_106917_5,54481_106917
1887,person,0.9687273,42,19,435,344,107074,54481,0.7330406336088154,0,54481_107074_0,54481_107074
1888,person,0.97061104,57,20,446,354,107231,54481,0.7456726354453627,0,54481_107231_0,54481_107231
1889,person,0.8813506999999999,253,23,392,251,107388,54481,0.1818870523415978,3,54481_107388_3,54481_107388
1890,vase,0.86680466,91,152,135,199,107388,54481,0.0118686868686868,0,54481_107388_0,54481_107388
1891,person,0.6496066999999999,253,197,391,309,107388,54481,0.0887052341597796,1,54481_107388_1,54481_107388
1892,person,0.64205146,201,199,386,339,107388,54481,0.1486455463728191,2,54481_107388_2,54481_107388
1893,person,0.98437816,144,17,483,360,107545,54481,0.6673381542699725,0,54481_107545_0,54481_107545
1894,person,0.9939016,114,31,326,358,107702,54481,0.3978650137741047,1,54481_107702_1,54481_107702
1895,person,0.7588354,307,241,431,343,107702,54481,0.0725895316804407,0,54481_107702_0,54481_107702
1896,person,0.995165,53,42,188,357,107859,54481,0.2440599173553719,2,54481_107859_2,54481_107859
1897,person,0.9339285,294,233,459,352,107859,54481,0.1126893939393939,1,54481_107859_1,54481_107859
1898,potted plant,0.7122154,212,84,305,223,107859,54481,0.0741907713498622,0,54481_107859_0,54481_107859
1899,person,0.99246997,23,35,149,360,108016,54481,0.2350206611570248,3,54481_108016_3,54481_108016
1900,person,0.8491793,306,232,442,350,108016,54481,0.0921028466483012,2,54481_108016_2,54481_108016
1901,person,0.6048226999999999,326,237,417,337,108016,54481,0.0522268135904499,0,54481_108016_0,54481_108016
1902,potted plant,0.50842863,214,88,289,216,108016,54481,0.0550964187327823,1,54481_108016_1,54481_108016
1903,person,0.9218397,279,153,484,360,108173,54481,0.2435433884297521,3,54481_108173_3,54481_108173
1904,person,0.9160807,153,208,251,302,108173,54481,0.0528696051423324,0,54481_108173_0,54481_108173
1905,person,0.8377338,140,209,270,346,108173,54481,0.1022153351698806,2,54481_108173_2,54481_108173
1906,potted plant,0.59207,44,53,124,195,108173,54481,0.0651974288337924,1,54481_108173_1,54481_108173
1907,person,0.98912114,198,92,335,358,108330,54481,0.2091483011937557,1,54481_108330_1,54481_108330
1908,person,0.6243206,138,164,229,346,108330,54481,0.0950528007346189,0,54481_108330_0,54481_108330
1909,person,0.9860955,355,36,473,353,108487,54481,0.2146808999081726,2,54481_108487_2,54481_108487
1910,chair,0.79130226,69,211,204,358,108487,54481,0.1138946280991735,0,54481_108487_0,54481_108487
1911,person,0.78945845,51,173,198,353,108487,54481,0.1518595041322314,1,54481_108487_1,54481_108487
1912,potted plant,0.5207407999999999,212,25,384,321,108487,54481,0.2921946740128558,3,54481_108487_3,54481_108487
1913,person,0.99465346,58,44,319,360,108644,54481,0.4733471074380166,0,54481_108644_0,54481_108644
1914,person,0.9918257,56,25,395,358,108801,54481,0.6478822314049587,0,54481_108801_0,54481_108801
1915,person,0.99360317,5,40,170,356,108958,54481,0.2992424242424242,4,54481_108958_4,54481_108958
1916,person,0.9654476,336,34,482,330,108958,54481,0.2480257116620753,2,54481_108958_2,54481_108958
1917,potted plant,0.8198296,168,156,335,352,108958,54481,0.1878558310376492,1,54481_108958_1,54481_108958
1918,potted plant,0.55030274,169,215,310,358,108958,54481,0.1157196969696969,0,54481_108958_0,54481_108958
1919,potted plant,0.5037048,155,108,368,339,108958,54481,0.2823863636363637,3,54481_108958_3,54481_108958
1920,person,0.99002343,5,40,145,354,109115,54481,0.2522956841138659,1,54481_109115_1,54481_109115
1921,person,0.95779455,318,31,480,316,109115,54481,0.2649793388429752,2,54481_109115_2,54481_109115
1922,potted plant,0.866009,146,136,292,350,109115,54481,0.1793158861340679,0,54481_109115_0,54481_109115
1923,person,0.9889713,194,27,378,324,109272,54481,0.3136363636363637,1,54481_109272_1,54481_109272
1924,potted plant,0.9482852,14,126,176,338,109272,54481,0.1971074380165289,0,54481_109272_0,54481_109272
1925,person,0.9739149,266,75,403,356,109429,54481,0.220942378328742,0,54481_109429_0,54481_109429
1926,person,0.9900046999999998,142,83,345,344,109586,54481,0.3040805785123967,2,54481_109586_2,54481_109586
1927,potted plant,0.90437126,336,63,480,319,109586,54481,0.2115702479338843,1,54481_109586_1,54481_109586
1928,person,0.6627293000000001,146,102,275,333,109586,54481,0.1710227272727272,0,54481_109586_0,54481_109586
1929,person,0.915982,87,23,464,357,109743,54481,0.7226698806244258,1,54481_109743_1,54481_109743
1930,person,0.8408091000000001,53,36,312,358,109743,54481,0.4786386593204775,0,54481_109743_0,54481_109743
1931,person,0.96314174,155,175,315,350,109900,54481,0.1606978879706152,0,54481_109900_0,54481_109900
1932,person,0.9453967,378,27,480,353,109900,54481,0.1908402203856749,1,54481_109900_1,54481_109900
1933,person,0.9744889,131,176,269,356,110057,54481,0.1425619834710743,1,54481_110057_1,54481_110057
1934,person,0.9737768,371,18,474,355,110057,54481,0.1992137281910009,2,54481_110057_2,54481_110057
1935,person,0.93012255,0,75,71,348,110057,54481,0.1112431129476584,0,54481_110057_0,54481_110057
1936,person,0.9906599,98,33,392,358,110214,54481,0.5483815426997245,0,54481_110214_0,54481_110214
1937,person,0.9532563,83,78,457,344,110371,54481,0.570959595959596,0,54481_110371_0,54481_110371
1938,person,0.9816823,174,134,263,360,110685,54481,0.1154384756657484,1,54481_110685_1,54481_110685
1939,person,0.79615355,299,180,381,336,110685,54481,0.0734159779614325,0,54481_110685_0,54481_110685
1940,person,0.98417413,70,112,235,360,110842,54481,0.2348484848484849,2,54481_110842_2,54481_110842
1941,person,0.9405407,303,189,429,355,110842,54481,0.1200413223140495,1,54481_110842_1,54481_110842
1942,person,0.64458585,104,3,201,107,110842,54481,0.0578971533516988,0,54481_110842_0,54481_110842
1943,person,0.9497876,0,0,196,355,110999,54481,0.3993342516069789,1,54481_110999_1,54481_110999
1944,person,0.9143533,318,127,465,359,110999,54481,0.1957300275482093,0,54481_110999_0,54481_110999
1945,person,0.9616139,11,16,394,337,111156,54481,0.7055957300275482,1,54481_111156_1,54481_111156
1946,person,0.84900075,5,92,328,321,111156,54481,0.4245121671258035,0,54481_111156_0,54481_111156
1947,person,0.98009026,133,145,296,357,111313,54481,0.1983241505968778,0,54481_111313_0,54481_111313
1948,person,0.95868075,15,17,379,350,111470,54481,0.6956611570247934,0,54481_111470_0,54481_111470
1949,person,0.9908257,22,33,274,346,111627,54481,0.4526859504132231,1,54481_111627_1,54481_111627
1950,handbag,0.5606426,264,187,484,360,111627,54481,0.2184343434343434,0,54481_111627_0,54481_111627
1951,person,0.99389184,9,112,191,353,111784,54481,0.2517332415059688,0,54481_111784_0,54481_111784
1952,person,0.977839,3,93,169,350,111941,54481,0.2448461891643709,0,54481_111941_0,54481_111941
1953,person,0.9750104,4,77,200,333,112098,54481,0.2879706152433425,1,54481_112098_1,54481_112098
1954,horse,0.5585295,316,90,466,327,112098,54481,0.2040289256198347,0,54481_112098_0,54481_112098
1955,person,0.996015,89,39,328,359,112255,54481,0.4389348025711662,0,54481_112255_0,54481_112255
1956,person,0.99234045,266,34,454,355,112412,54481,0.3463498622589531,1,54481_112412_1,54481_112412
1957,person,0.9188857,5,171,205,351,112412,54481,0.2066115702479339,0,54481_112412_0,54481_112412
1958,person,0.9838164,274,36,463,352,112569,54481,0.3427685950413223,1,54481_112569_1,54481_112569
1959,person,0.94834226,7,171,186,346,112569,54481,0.1797807621671258,0,54481_112569_0,54481_112569
1960,person,0.99447834,39,21,431,360,112726,54481,0.7626721763085399,0,54481_112726_0,54481_112726
1961,person,0.9653954,35,49,334,355,112883,54481,0.5251033057851239,0,54481_112883_0,54481_112883
1962,person,0.6220378000000001,59,16,480,345,112883,54481,0.7949322773186409,1,54481_112883_1,54481_112883
1963,person,0.9715143,21,36,343,356,113040,54481,0.5913682277318641,1,54481_113040_1,54481_113040
1964,person,0.6274463,0,151,153,335,113040,54481,0.1615702479338843,0,54481_113040_0,54481_113040
1965,person,0.59137875,109,0,475,358,113040,54481,0.7519972451790634,2,54481_113040_2,54481_113040
1966,person,0.97689444,17,52,327,358,113197,54481,0.5444214876033058,0,54481_113197_0,54481_113197
1967,person,0.61933166,51,0,465,360,113197,54481,0.8553719008264463,1,54481_113197_1,54481_113197
1968,person,0.9760844,16,63,346,356,113354,54481,0.5549242424242424,0,54481_113354_0,54481_113354
1969,person,0.52468646,71,11,468,360,113354,54481,0.7951848025711662,1,54481_113354_1,54481_113354
1970,person,0.9907601,21,39,420,360,113511,54481,0.7350723140495867,0,54481_113511_0,54481_113511
1971,person,0.9862396,226,88,467,355,113668,54481,0.3693009641873278,4,54481_113668_4,54481_113668
1972,person,0.90780604,9,72,221,356,113668,54481,0.3455463728191001,3,54481_113668_3,54481_113668
1973,potted plant,0.74514896,365,11,477,180,113668,54481,0.1086317722681359,1,54481_113668_1,54481_113668
1974,wine glass,0.73606044,228,199,281,248,113668,54481,0.0149047291092745,0,54481_113668_0,54481_113668
1975,person,0.5388445,17,79,201,255,113668,54481,0.1858585858585858,2,54481_113668_2,54481_113668
1976,person,0.99221545,284,97,484,360,113825,54481,0.3018824609733701,2,54481_113825_2,54481_113825
1977,person,0.7852934,10,107,197,351,113825,54481,0.2618686868686869,1,54481_113825_1,54481_113825
1978,potted plant,0.6567233,354,4,480,187,113825,54481,0.1323347107438016,0,54481_113825_0,54481_113825
1979,couch,0.59924406,0,109,312,360,113825,54481,0.4494490358126722,3,54481_113825_3,54481_113825
1980,person,0.9917269,273,98,483,359,113982,54481,0.3145661157024793,3,54481_113982_3,54481_113982
1981,person,0.8216190999999999,12,98,206,355,113982,54481,0.2861455463728191,2,54481_113982_2,54481_113982
1982,potted plant,0.76210356,348,7,473,179,113982,54481,0.1233930211202938,1,54481_113982_1,54481_113982
1983,wine glass,0.50238824,287,207,335,264,113982,54481,0.0157024793388429,0,54481_113982_0,54481_113982
1984,person,0.97996855,31,126,190,352,114139,54481,0.206232782369146,1,54481_114139_1,54481_114139
1985,person,0.9716239,351,64,472,355,114139,54481,0.2020833333333333,0,54481_114139_0,54481_114139
1986,potted plant,0.5273071,121,98,326,348,114139,54481,0.2941345270890725,2,54481_114139_2,54481_114139
1987,person,0.99305636,15,37,212,357,114296,54481,0.3617998163452709,1,54481_114296_1,54481_114296
1988,person,0.9729171,294,44,457,357,114296,54481,0.2928087695133149,0,54481_114296_0,54481_114296
1989,person,0.9937528,15,37,228,347,114453,54481,0.3789600550964187,1,54481_114453_1,54481_114453
1990,person,0.9500837,323,41,467,360,114453,54481,0.2636363636363636,0,54481_114453_0,54481_114453
1991,person,0.9872261999999998,298,49,461,356,114610,54481,0.2871958218549128,0,54481_114610_0,54481_114610
1992,potted plant,0.9183197,0,106,240,348,114610,54481,0.3333333333333333,1,54481_114610_1,54481_114610
1993,person,0.9454568,0,0,288,352,114767,54481,0.5818181818181818,1,54481_114767_1,54481_114767
1994,wine glass,0.51063824,179,189,274,321,114767,54481,0.0719696969696969,0,54481_114767_0,54481_114767
1995,person,0.9954668,285,20,483,351,114924,54481,0.3761363636363637,1,54481_114924_1,54481_114924
1996,person,0.98797834,0,68,236,355,114924,54481,0.3887281910009183,2,54481_114924_2,54481_114924
1997,bird,0.8994183000000001,152,6,268,181,114924,54481,0.116505968778696,0,54481_114924_0,54481_114924
1998,person,0.99015754,0,49,240,355,115081,54481,0.4214876033057851,2,54481_115081_2,54481_115081
1999,person,0.9902942,286,19,484,348,115081,54481,0.3738636363636363,1,54481_115081_1,54481_115081
2000,wine glass,0.61377054,176,260,233,350,115081,54481,0.0294421487603305,0,54481_115081_0,54481_115081
2001,person,0.99360245,277,24,479,348,115238,54481,0.3756198347107438,2,54481_115238_2,54481_115238
2002,person,0.98600113,0,67,223,355,115238,54481,0.3685950413223141,1,54481_115238_1,54481_115238
2003,bird,0.70905733,155,19,263,196,115238,54481,0.1097107438016529,0,54481_115238_0,54481_115238
2004,person,0.9898656,285,6,482,360,115395,54481,0.400241046831956,2,54481_115395_2,54481_115395
2005,person,0.97819364,0,28,204,352,115395,54481,0.3793388429752066,1,54481_115395_1,54481_115395
2006,wine glass,0.856791,173,257,231,352,115395,54481,0.0316230486685032,0,54481_115395_0,54481_115395
2007,person,0.9909883,277,26,482,356,115552,54481,0.3882575757575757,0,54481_115552_0,54481_115552
2008,person,0.9803554,0,59,235,352,115552,54481,0.3951733241505969,1,54481_115552_1,54481_115552
2009,person,0.99379915,266,31,478,352,115709,54481,0.3905647382920111,2,54481_115709_2,54481_115709
2010,person,0.97822535,0,51,197,346,115709,54481,0.3335342056932966,1,54481_115709_1,54481_115709
2011,wine glass,0.73574203,161,258,225,350,115709,54481,0.0337924701561065,0,54481_115709_0,54481_115709
2012,person,0.9934196,257,41,482,352,115866,54481,0.4016012396694215,1,54481_115866_1,54481_115866
2013,person,0.9662931,0,76,218,360,115866,54481,0.3553259871441689,0,54481_115866_0,54481_115866
2014,person,0.9898168,227,95,479,358,116023,54481,0.3803719008264463,1,54481_116023_1,54481_116023
2015,person,0.9733666,0,35,223,350,116023,54481,0.403150826446281,2,54481_116023_2,54481_116023
2016,wine glass,0.7703986999999999,189,260,246,342,116023,54481,0.0268250688705234,0,54481_116023_0,54481_116023
2017,person,0.9814781,0,0,303,360,116180,54481,0.6260330578512396,1,54481_116180_1,54481_116180
2018,person,0.93168193,286,0,484,356,116180,54481,0.4045454545454545,0,54481_116180_0,54481_116180
2019,person,0.9874578000000002,1,42,308,358,116337,54481,0.5567722681359045,1,54481_116337_1,54481_116337
2020,person,0.9589234,304,14,482,360,116337,54481,0.3534664830119376,0,54481_116337_0,54481_116337
2021,person,0.6085767,165,0,469,360,116337,54481,0.628099173553719,2,54481_116337_2,54481_116337
2022,person,0.9607895,6,28,345,358,116494,54481,0.6420454545454546,1,54481_116494_1,54481_116494
2023,person,0.73933923,242,11,456,356,116494,54481,0.4237258953168045,0,54481_116494_0,54481_116494
2024,person,0.9896236,0,75,250,354,116651,54481,0.4003099173553719,2,54481_116651_2,54481_116651
2025,person,0.97952133,253,56,474,357,116651,54481,0.3817780073461892,1,54481_116651_1,54481_116651
2026,wine glass,0.80675703,197,248,253,353,116651,54481,0.0337465564738292,0,54481_116651_0,54481_116651
2027,person,0.99145484,5,52,326,353,116808,54481,0.5545282369146005,3,54481_116808_3,54481_116808
2028,person,0.9725795,263,28,480,359,116808,54481,0.4122302571166208,2,54481_116808_2,54481_116808
2029,wine glass,0.919743,198,261,253,357,116808,54481,0.0303030303030303,0,54481_116808_0,54481_116808
2030,person,0.5829092,29,11,229,331,116808,54481,0.3673094582185491,1,54481_116808_1,54481_116808
2031,person,0.9817139,0,98,267,354,116965,54481,0.3922865013774105,0,54481_116965_0,54481_116965
2032,person,0.9771288,249,22,473,350,116965,54481,0.4216712580348944,1,54481_116965_1,54481_116965
2033,person,0.9925808,257,47,480,359,117122,54481,0.3993112947658402,3,54481_117122_3,54481_117122
2034,person,0.9245626,15,196,195,342,117122,54481,0.1508264462809917,0,54481_117122_0,54481_117122
2035,person,0.9186244,6,11,115,343,117122,54481,0.2076905417814508,1,54481_117122_1,54481_117122
2036,person,0.8522224,10,116,201,345,117122,54481,0.2510273186409549,2,54481_117122_2,54481_117122
2037,person,0.98997295,0,4,328,360,117279,54481,0.6701561065197429,1,54481_117279_1,54481_117279
2038,person,0.5840390999999999,416,8,483,338,117279,54481,0.1268939393939394,0,54481_117279_0,54481_117279
2039,person,0.955064,0,22,288,357,117436,54481,0.5537190082644629,1,54481_117436_1,54481_117436
2040,person,0.8343421999999998,212,42,469,357,117436,54481,0.4646177685950413,0,54481_117436_0,54481_117436
2041,person,0.9809169,2,21,310,356,117593,54481,0.5921717171717171,1,54481_117593_1,54481_117593
2042,person,0.852299,191,53,480,360,117593,54481,0.5091999540863177,0,54481_117593_0,54481_117593
2043,person,0.9884758,0,35,240,351,117750,54481,0.4352617079889807,2,54481_117750_2,54481_117750
2044,person,0.98687905,267,41,478,357,117750,54481,0.3826675849403122,1,54481_117750_1,54481_117750
2045,wine glass,0.8884386000000001,203,259,267,359,117750,54481,0.0367309458218549,0,54481_117750_0,54481_117750
2046,person,0.9897844,262,36,481,355,117907,54481,0.4009469696969697,1,54481_117907_1,54481_117907
2047,person,0.98460394,0,63,246,355,117907,54481,0.4122589531680441,2,54481_117907_2,54481_117907
2048,wine glass,0.9023807,195,270,254,357,117907,54481,0.0294593663911845,0,54481_117907_0,54481_117907
2049,person,0.9657814,5,10,299,360,118064,54481,0.5905647382920111,2,54481_118064_2,54481_118064
2050,person,0.9332041,304,0,480,360,118064,54481,0.3636363636363637,1,54481_118064_1,54481_118064
2051,cell phone,0.5693983,284,269,316,292,118064,54481,0.0042240587695133,0,54481_118064_0,54481_118064
2052,person,0.9792701,0,122,184,340,118378,54481,0.2302112029384757,0,54481_118378_0,54481_118378
2053,person,0.928467,238,145,456,343,118378,54481,0.2477272727272727,2,54481_118378_2,54481_118378
2054,person,0.8563613999999999,320,36,481,288,118378,54481,0.2328512396694215,1,54481_118378_1,54481_118378
2055,person,0.79061884,248,64,473,321,118378,54481,0.3318698347107438,3,54481_118378_3,54481_118378
2056,person,0.93217266,4,106,196,332,118535,54481,0.2490358126721763,1,54481_118535_1,54481_118535
2057,person,0.9250076,202,141,427,318,118535,54481,0.2285640495867769,0,54481_118535_0,54481_118535
2058,person,0.9811553,4,81,199,315,118692,54481,0.2618801652892562,1,54481_118692_1,54481_118692
2059,person,0.9277098,249,138,470,336,118692,54481,0.2511363636363637,0,54481_118692_0,54481_118692
2060,person,0.9816589,7,76,184,319,118849,54481,0.246849173553719,0,54481_118849_0,54481_118849
2061,person,0.98175263,245,110,468,321,118849,54481,0.2700470615243343,1,54481_118849_1,54481_118849
2062,person,0.98197454,6,108,208,320,119006,54481,0.2457759412304867,0,54481_119006_0,54481_119006
2063,person,0.95449543,245,121,465,344,119006,54481,0.2815656565656566,1,54481_119006_1,54481_119006
2064,person,0.9903971,0,35,234,354,119163,54481,0.4284090909090909,1,54481_119163_1,54481_119163
2065,person,0.9779555,297,65,483,349,119163,54481,0.303168044077135,0,54481_119163_0,54481_119163
2066,person,0.9868707,0,33,238,353,119320,54481,0.4370982552800735,1,54481_119320_1,54481_119320
2067,person,0.9437099,330,42,479,337,119320,54481,0.2522669880624426,0,54481_119320_0,54481_119320
2068,person,0.97945136,277,48,484,340,119477,54481,0.346900826446281,0,54481_119477_0,54481_119477
2069,person,0.97696817,0,10,234,360,119477,54481,0.4700413223140496,1,54481_119477_1,54481_119477
2070,person,0.988735,0,10,243,356,119634,54481,0.4825413223140496,2,54481_119634_2,54481_119634
2071,person,0.9798402,292,60,480,345,119634,54481,0.3075068870523416,1,54481_119634_1,54481_119634
2072,wine glass,0.54182523,70,257,125,354,119634,54481,0.0306186868686868,0,54481_119634_0,54481_119634
2073,person,0.9751242,0,40,258,355,119791,54481,0.4664256198347108,4,54481_119791_4,54481_119791
2074,person,0.9282124,242,106,480,356,119791,54481,0.3414830119375573,3,54481_119791_3,54481_119791
2075,wine glass,0.8318449,64,235,128,354,119791,54481,0.0437098255280073,0,54481_119791_0,54481_119791
2076,person,0.80082965,216,61,324,301,119791,54481,0.1487603305785124,1,54481_119791_1,54481_119791
2077,person,0.62170625,218,79,412,332,119791,54481,0.2816919191919192,2,54481_119791_2,54481_119791
2078,person,0.9881436,0,0,247,350,119948,54481,0.4961547291092746,1,54481_119948_1,54481_119948
2079,person,0.95233214,221,103,475,352,119948,54481,0.3629820936639118,0,54481_119948_0,54481_119948
2080,person,0.98137766,7,27,249,358,120105,54481,0.4597222222222222,3,54481_120105_3,54481_120105
2081,person,0.9587362,246,98,473,353,120105,54481,0.3322141873278237,2,54481_120105_2,54481_120105
2082,wine glass,0.91273177,80,247,139,354,120105,54481,0.036231634527089,0,54481_120105_0,54481_120105
2083,person,0.77719754,223,85,372,342,120105,54481,0.2197715794306704,1,54481_120105_1,54481_120105
2084,person,0.98692095,3,45,257,348,120262,54481,0.4417011019283745,3,54481_120262_3,54481_120262
2085,person,0.9677591,291,58,480,340,120262,54481,0.3058884297520661,2,54481_120262_2,54481_120262
2086,wine glass,0.7156884,86,233,149,347,120262,54481,0.0412190082644628,0,54481_120262_0,54481_120262
2087,person,0.6917856,265,29,392,307,120262,54481,0.2026285583103765,1,54481_120262_1,54481_120262
2088,person,0.5317142,48,81,349,360,120262,54481,0.4819731404958678,4,54481_120262_4,54481_120262
2089,person,0.99156874,1,25,272,354,120419,54481,0.5117022497704315,2,54481_120419_2,54481_120419
2090,person,0.95425904,307,59,477,353,120419,54481,0.2868457300275482,1,54481_120419_1,54481_120419
2091,wine glass,0.8317024,69,254,140,354,120419,54481,0.0407483930211202,0,54481_120419_0,54481_120419
2092,person,0.9830179,6,32,266,351,120576,54481,0.476010101010101,2,54481_120576_2,54481_120576
2093,person,0.9613361,295,59,475,356,120576,54481,0.3068181818181818,1,54481_120576_1,54481_120576
2094,person,0.6322396,324,41,451,269,120576,54481,0.1661845730027548,0,54481_120576_0,54481_120576
2095,person,0.97142076,163,139,408,348,120733,54481,0.2938762626262626,1,54481_120733_1,54481_120733
2096,person,0.96046233,67,0,215,351,120733,54481,0.2981404958677686,2,54481_120733_2,54481_120733
2097,person,0.887201,360,85,479,264,120733,54481,0.1222509182736455,0,54481_120733_0,54481_120733
2098,person,0.96749294,165,120,394,343,120890,54481,0.2930842516069789,2,54481_120890_2,54481_120890
2099,person,0.93842214,370,94,481,284,120890,54481,0.1210399449035812,0,54481_120890_0,54481_120890
2100,person,0.9372979,59,24,203,352,120890,54481,0.2710743801652892,1,54481_120890_1,54481_120890
2101,person,0.9371518,109,142,269,336,121047,54481,0.1781450872359963,1,54481_121047_1,54481_121047
2102,person,0.932328,123,150,337,346,121047,54481,0.2407254361799817,3,54481_121047_3,54481_121047
2103,person,0.9145806,309,92,479,293,121047,54481,0.1961088154269972,2,54481_121047_2,54481_121047
2104,person,0.6144353,286,77,400,267,121047,54481,0.1243112947658402,0,54481_121047_0,54481_121047
2105,person,0.9552216,174,119,298,352,121204,54481,0.1658172635445362,1,54481_121204_1,54481_121204
2106,horse,0.922651,33,97,177,343,121204,54481,0.2033057851239669,2,54481_121204_2,54481_121204
2107,cow,0.6528056999999999,28,104,177,344,121204,54481,0.2052341597796143,3,54481_121204_3,54481_121204
2108,person,0.5362477,183,119,287,252,121204,54481,0.0793847566574839,0,54481_121204_0,54481_121204
2109,person,0.9655514,254,114,443,350,121361,54481,0.2559917355371901,0,54481_121361_0,54481_121361
2110,horse,0.98321486,4,0,217,328,121518,54481,0.4009641873278237,1,54481_121518_1,54481_121518
2111,person,0.8798601,187,79,365,343,121518,54481,0.2696969696969697,0,54481_121518_0,54481_121518
2112,person,0.9923375,331,65,480,352,121675,54481,0.2454258494031221,0,54481_121675_0,54481_121675
2113,person,0.98850656,315,67,475,357,121832,54481,0.2662993572084481,0,54481_121832_0,54481_121832
2114,person,0.80338526,217,120,297,321,121989,54481,0.0922865013774104,0,54481_121989_0,54481_121989
2115,person,0.5930923,175,110,301,338,121989,54481,0.1648760330578512,2,54481_121989_2,54481_121989
2116,person,0.5203298,29,187,183,342,121989,54481,0.1369949494949495,1,54481_121989_1,54481_121989
2117,person,0.98095244,137,57,354,355,122146,54481,0.3711317722681359,0,54481_122146_0,54481_122146
2118,person,0.98665917,170,41,318,352,122303,54481,0.2641643709825528,1,54481_122303_1,54481_122303
2119,refrigerator,0.58752894,0,124,134,346,122303,54481,0.1707300275482093,0,54481_122303_0,54481_122303
2120,person,0.98562014,24,121,207,344,122460,54481,0.234211432506887,1,54481_122460_1,54481_122460
2121,person,0.92119133,200,175,350,329,122460,54481,0.1325757575757575,0,54481_122460_0,54481_122460
2122,person,0.7475028,199,83,368,329,122460,54481,0.2386019283746557,2,54481_122460_2,54481_122460
2123,person,0.99223423,262,17,434,352,122617,54481,0.3306932966023875,1,54481_122617_1,54481_122617
2124,person,0.98782223,59,150,266,349,122617,54481,0.2364152892561983,0,54481_122617_0,54481_122617
2125,person,0.9930958,220,28,417,346,122774,54481,0.3595385674931129,2,54481_122774_2,54481_122774
2126,person,0.9672819,14,142,223,349,122774,54481,0.2482954545454545,1,54481_122774_1,54481_122774
2127,person,0.5332071999999999,6,153,66,340,122774,54481,0.0643939393939393,0,54481_122774_0,54481_122774
2128,person,0.98644316,216,22,416,348,122931,54481,0.3741965105601469,1,54481_122931_1,54481_122931
2129,person,0.98383254,23,154,239,353,122931,54481,0.246694214876033,0,54481_122931_0,54481_122931
2130,person,0.9702148000000002,65,138,252,340,123088,54481,0.2167929292929293,3,54481_123088_3,54481_123088
2131,person,0.96492773,227,162,350,310,123088,54481,0.1044765840220385,1,54481_123088_1,54481_123088
2132,person,0.90353173,304,166,458,323,123088,54481,0.1387626262626262,2,54481_123088_2,54481_123088
2133,person,0.64630765,301,152,381,250,123088,54481,0.0449954086317722,0,54481_123088_0,54481_123088
2134,person,0.9946402,67,49,293,357,123245,54481,0.3994949494949495,0,54481_123245_0,54481_123245
2135,person,0.9937099,8,45,290,355,123402,54481,0.5017217630853994,1,54481_123402_1,54481_123402
2136,person,0.9833466,307,31,476,349,123402,54481,0.3084366391184573,0,54481_123402_0,54481_123402
2137,person,0.9784838,41,52,259,353,123559,54481,0.3765955004591368,0,54481_123559_0,54481_123559
2138,person,0.9942958,5,44,318,354,123716,54481,0.5568755739210285,1,54481_123716_1,54481_123716
2139,person,0.9703096,341,64,471,357,123716,54481,0.2186065197428834,0,54481_123716_0,54481_123716
2140,person,0.97717893,325,59,458,356,123873,54481,0.2267045454545454,0,54481_123873_0,54481_123873
2141,person,0.85250723,7,39,227,356,123873,54481,0.4002525252525253,1,54481_123873_1,54481_123873
2142,person,0.9880534,330,42,466,360,124030,54481,0.2482093663911845,0,54481_124030_0,54481_124030
2143,person,0.9484273,7,111,209,349,124030,54481,0.2759182736455464,1,54481_124030_1,54481_124030
2144,person,0.88395154,20,134,329,359,124187,54481,0.3990185950413223,0,54481_124187_0,54481_124187
2145,person,0.9860513,77,43,312,360,124344,54481,0.4275424701561065,0,54481_124344_0,54481_124344
2146,person,0.98373103,3,47,199,354,124501,54481,0.3453397612488522,1,54481_124501_1,54481_124501
2147,person,0.95849,287,45,484,349,124501,54481,0.3437098255280073,0,54481_124501_0,54481_124501
2148,person,0.9779138,251,58,484,351,124658,54481,0.3918101469237833,1,54481_124658_1,54481_124658
2149,person,0.9659828,2,40,181,359,124658,54481,0.3277146464646465,0,54481_124658_0,54481_124658
2150,person,0.98891455,47,41,386,349,124815,54481,0.5992424242424242,0,54481_124815_0,54481_124815
2151,person,0.99158186,94,38,363,358,124972,54481,0.4940312213039486,1,54481_124972_1,54481_124972
2152,cup,0.8655328000000001,376,276,426,357,124972,54481,0.0232438016528925,0,54481_124972_0,54481_124972
2153,person,0.97838116,9,181,196,355,125129,54481,0.1867424242424242,1,54481_125129_1,54481_125129
2154,person,0.9451416,196,141,378,347,125129,54481,0.2151744719926538,2,54481_125129_2,54481_125129
2155,person,0.90491295,229,27,352,221,125129,54481,0.1369490358126721,0,54481_125129_0,54481_125129
2156,person,0.7790421999999999,211,68,382,305,125129,54481,0.2325929752066116,3,54481_125129_3,54481_125129
2157,person,0.98901725,1,27,167,355,125286,54481,0.3124885215794307,2,54481_125286_2,54481_125286
2158,person,0.97137296,165,111,312,355,125286,54481,0.2058539944903581,1,54481_125286_1,54481_125286
2159,person,0.96092576,279,174,422,360,125286,54481,0.1526515151515151,0,54481_125286_0,54481_125286
2160,person,0.99169296,140,64,286,359,125443,54481,0.2471877869605142,2,54481_125443_2,54481_125443
2161,person,0.9794871,294,153,459,354,125443,54481,0.1903409090909091,1,54481_125443_1,54481_125443
2162,person,0.8523943000000002,1,25,82,355,125443,54481,0.1534090909090909,0,54481_125443_0,54481_125443
2163,person,0.9867302,183,30,375,360,125600,54481,0.3636363636363637,1,54481_125600_1,54481_125600
2164,person,0.97972715,3,93,205,355,125600,54481,0.3037419651056015,0,54481_125600_0,54481_125600
2165,person,0.9772071,93,84,301,343,125757,54481,0.3091827364554637,2,54481_125757_2,54481_125757
2166,person,0.87250787,198,31,361,348,125757,54481,0.2965507346189165,1,54481_125757_1,54481_125757
2167,bottle,0.614429,130,263,216,358,125757,54481,0.0468893480257116,0,54481_125757_0,54481_125757
2168,person,0.9631564,75,120,329,353,125914,54481,0.3396579430670339,1,54481_125914_1,54481_125914
2169,person,0.9146429,101,23,329,314,125914,54481,0.3807851239669421,2,54481_125914_2,54481_125914
2170,person,0.6828149,320,185,480,350,125914,54481,0.1515151515151515,0,54481_125914_0,54481_125914
2171,person,0.72136146,344,116,429,342,126071,54481,0.1102502295684114,0,54481_126071_0,54481_126071
2172,person,0.5845314,178,111,430,346,126071,54481,0.3398760330578512,1,54481_126071_1,54481_126071
2173,person,0.9411673,82,38,343,345,126228,54481,0.4598657024793388,2,54481_126228_2,54481_126228
2174,umbrella,0.80892044,6,0,107,360,126228,54481,0.2086776859504132,1,54481_126228_1,54481_126228
2175,person,0.5041485,426,155,482,357,126228,54481,0.0649219467401285,0,54481_126228_0,54481_126228
2176,person,0.8837517,121,124,364,355,126385,54481,0.3221590909090909,0,54481_126385_0,54481_126385
2177,person,0.97767454,261,71,409,352,126542,54481,0.2386822773186409,1,54481_126542_1,54481_126542
2178,person,0.90493196,101,71,202,351,126542,54481,0.1623048668503214,0,54481_126542_0,54481_126542
2179,person,0.7903094,294,50,402,360,126699,54481,0.1921487603305785,0,54481_126699_0,54481_126699
2180,umbrella,0.51183575,11,0,393,360,126856,54481,0.7892561983471075,0,54481_126856_0,54481_126856
2181,person,0.97465783,82,57,306,354,127013,54481,0.3818181818181817,0,54481_127013_0,54481_127013
2182,person,0.9623965,135,89,244,294,127170,54481,0.1282426538108356,0,54481_127170_0,54481_127170
2183,person,0.88090694,5,133,167,354,127170,54481,0.2054752066115702,1,54481_127170_1,54481_127170
2184,person,0.97143406,89,111,271,356,127327,54481,0.2559113865932048,0,54481_127327_0,54481_127327
2185,person,0.9736115,26,18,338,352,127484,54481,0.5980716253443527,0,54481_127484_0,54481_127484
2186,person,0.8346415999999999,4,112,88,360,127641,54481,0.1195592286501377,0,54481_127641_0,54481_127641
2187,person,0.9272309,48,100,238,350,127798,54481,0.2726124885215794,0,54481_127798_0,54481_127798
2188,person,0.8870205,62,103,338,360,127798,54481,0.4070936639118457,1,54481_127798_1,54481_127798
2189,person,0.9723795,69,94,245,355,127955,54481,0.2636363636363636,0,54481_127955_0,54481_127955
2190,person,0.9203972,100,124,312,356,128112,54481,0.282277318640955,3,54481_128112_3,54481_128112
2191,person,0.88052744,415,76,480,360,128112,54481,0.1059458218549127,1,54481_128112_1,54481_128112
2192,person,0.83096117,332,55,422,341,128112,54481,0.1477272727272727,2,54481_128112_2,54481_128112
2193,person,0.62830895,239,52,308,168,128112,54481,0.0459366391184573,0,54481_128112_0,54481_128112
2194,person,0.95619065,298,8,480,353,128269,54481,0.3603650137741047,1,54481_128269_1,54481_128269
2195,person,0.8605334000000001,3,4,268,351,128269,54481,0.5277490817263545,2,54481_128269_2,54481_128269
2196,person,0.8178371999999999,214,19,340,293,128269,54481,0.1981404958677686,0,54481_128269_0,54481_128269
2197,person,0.9902824,43,27,422,360,128426,54481,0.7243285123966943,0,54481_128426_0,54481_128426
2198,person,0.93050057,298,146,472,356,128583,54481,0.2097107438016529,2,54481_128583_2,54481_128583
2199,person,0.7810170999999999,158,66,290,352,128583,54481,0.2166666666666666,3,54481_128583_3,54481_128583
2200,person,0.7149383,3,98,62,334,128583,54481,0.0799127640036731,0,54481_128583_0,54481_128583
2201,person,0.6849621,209,65,296,323,128583,54481,0.1288223140495867,1,54481_128583_1,54481_128583
2202,person,0.9225853,295,149,478,357,128740,54481,0.2184573002754821,1,54481_128740_1,54481_128740
2203,person,0.8554431,225,66,304,343,128740,54481,0.1255911386593204,0,54481_128740_0,54481_128740
2204,person,0.8044203000000001,157,68,295,360,128740,54481,0.2312672176308539,2,54481_128740_2,54481_128740
2205,person,0.93626505,90,35,340,352,128897,54481,0.4548324150596878,0,54481_128897_0,54481_128897
2206,person,0.7864418000000001,20,133,152,351,129054,54481,0.1651515151515151,0,54481_129054_0,54481_129054
2207,horse,0.55329293,10,15,349,360,129211,54481,0.6712293388429752,0,54481_129211_0,54481_129211
2208,person,0.86338073,156,61,347,360,129368,54481,0.3277605601469238,0,54481_129368_0,54481_129368
2209,person,0.8211914,31,158,229,351,129682,54481,0.2193181818181818,1,54481_129682_1,54481_129682
2210,person,0.7888193,338,245,418,360,129682,54481,0.0528007346189164,0,54481_129682_0,54481_129682
2211,person,0.81051993,76,85,143,272,129839,54481,0.0719065656565656,0,54481_129839_0,54481_129839
2212,person,0.64964855,194,52,298,352,129839,54481,0.1790633608815427,1,54481_129839_1,54481_129839
2213,person,0.9746782,300,123,480,349,129996,54481,0.2334710743801653,1,54481_129996_1,54481_129996
2214,person,0.58820754,380,129,483,353,129996,54481,0.1324150596877869,0,54481_129996_0,54481_129996
2215,person,0.8988726,177,203,274,359,130153,54481,0.0868457300275482,2,54481_130153_2,54481_130153
2216,person,0.8825696,347,252,416,357,130153,54481,0.0415805785123966,0,54481_130153_0,54481_130153
2217,person,0.7637241,59,206,173,360,130153,54481,0.1007575757575757,3,54481_130153_3,54481_130153
2218,person,0.5352164,40,146,109,294,130153,54481,0.0586088154269972,1,54481_130153_1,54481_130153
2219,person,0.9897802,150,59,300,356,130310,54481,0.2556818181818182,3,54481_130310_3,54481_130310
2220,person,0.9557554,290,93,436,360,130310,54481,0.2237258953168044,2,54481_130310_2,54481_130310
2221,person,0.71643144,3,55,74,354,130310,54481,0.1218376951331496,1,54481_130310_1,54481_130310
2222,person,0.65067244,390,62,468,240,130310,54481,0.0796831955922865,0,54481_130310_0,54481_130310
2223,person,0.9682737,46,6,390,350,130467,54481,0.6791551882460973,1,54481_130467_1,54481_130467
2224,person,0.65225863,9,0,264,354,130467,54481,0.5180785123966942,0,54481_130467_0,54481_130467
2225,person,0.98570013,132,69,308,354,130624,54481,0.2878787878787879,1,54481_130624_1,54481_130624
2226,person,0.96752685,288,86,427,360,130624,54481,0.2185835629017447,0,54481_130624_0,54481_130624
2227,person,0.9913078000000002,127,67,305,356,130781,54481,0.2952364554637282,1,54481_130781_1,54481_130781
2228,person,0.9771451,283,94,443,356,130781,54481,0.2405876951331497,0,54481_130781_0,54481_130781
2229,person,0.9355144,202,35,471,344,130938,54481,0.4770488980716254,1,54481_130938_1,54481_130938
2230,person,0.918707,0,34,174,354,130938,54481,0.3195592286501377,0,54481_130938_0,54481_130938
2231,person,0.84325373,82,123,170,348,131095,54481,0.1136363636363636,1,54481_131095_1,54481_131095
2232,person,0.6732079000000001,234,80,294,240,131095,54481,0.0550964187327823,0,54481_131095_0,54481_131095
2233,horse,0.9802868,4,35,282,356,131252,54481,0.5121556473829201,0,54481_131252_0,54481_131252
2234,person,0.7918571999999999,313,214,412,351,131409,54481,0.077840909090909,1,54481_131409_1,54481_131409
2235,person,0.7916569,153,128,244,301,131409,54481,0.0903523875114784,2,54481_131409_2,54481_131409
2236,person,0.52810663,322,103,381,224,131409,54481,0.0409722222222222,0,54481_131409_0,54481_131409
2237,person,0.9919063,32,30,378,350,131566,54481,0.6354453627180899,0,54481_131566_0,54481_131566
2238,person,0.9318732,55,55,417,358,131723,54481,0.6295110192837465,1,54481_131723_1,54481_131723
2239,person,0.7328043000000001,290,20,478,333,131723,54481,0.3377180899908173,0,54481_131723_0,54481_131723
2240,person,0.9852201,45,10,416,349,131880,54481,0.721814738292011,0,54481_131880_0,54481_131880
2241,person,0.93453836,351,77,479,341,132037,54481,0.1939393939393939,1,54481_132037_1,54481_132037
2242,person,0.92741853,125,90,297,357,132037,54481,0.2635674931129476,2,54481_132037_2,54481_132037
2243,person,0.8366718000000001,240,89,448,356,132037,54481,0.318732782369146,3,54481_132037_3,54481_132037
2244,person,0.67909086,34,26,236,321,132037,54481,0.3419995408631772,4,54481_132037_4,54481_132037
2245,person,0.53274316,346,79,467,251,132037,54481,0.1194444444444444,0,54481_132037_0,54481_132037
2246,person,0.9681382,127,74,295,355,132194,54481,0.2709366391184573,4,54481_132194_4,54481_132194
2247,person,0.9412561,0,27,142,359,132194,54481,0.2705693296602388,3,54481_132194_3,54481_132194
2248,person,0.92937475,370,60,478,348,132194,54481,0.1785123966942148,1,54481_132194_1,54481_132194
2249,person,0.70979726,349,84,418,309,132194,54481,0.0891012396694214,0,54481_132194_0,54481_132194
2250,person,0.7032037,258,83,380,360,132194,54481,0.1939508723599632,2,54481_132194_2,54481_132194
2251,person,0.6046081,60,55,236,358,132194,54481,0.306060606060606,5,54481_132194_5,54481_132194
2252,person,0.9748923,21,32,196,360,132351,54481,0.3294306703397613,3,54481_132351_3,54481_132351
2253,person,0.9631751,347,62,480,348,132351,54481,0.2183080808080808,2,54481_132351_2,54481_132351
2254,person,0.89682347,164,107,311,360,132351,54481,0.2134469696969697,1,54481_132351_1,54481_132351
2255,person,0.8748984000000001,269,80,384,273,132351,54481,0.1273817722681359,0,54481_132351_0,54481_132351
2256,person,0.97660303,324,61,480,349,132508,54481,0.2578512396694215,3,54481_132508_3,54481_132508
2257,person,0.9432923,112,83,296,358,132508,54481,0.2904040404040404,5,54481_132508_5,54481_132508
2258,person,0.90891564,0,27,124,359,132508,54481,0.2362718089990817,2,54481_132508_2,54481_132508
2259,person,0.8890011,249,80,369,291,132508,54481,0.1453168044077135,1,54481_132508_1,54481_132508
2260,person,0.7480031,58,66,142,258,132508,54481,0.0925619834710743,0,54481_132508_0,54481_132508
2261,person,0.65703243,246,64,423,346,132508,54481,0.2864669421487603,4,54481_132508_4,54481_132508
2262,person,0.9818907,347,55,481,359,132665,54481,0.2337924701561065,0,54481_132665_0,54481_132665
2263,person,0.95454586,92,96,267,357,132665,54481,0.2621384297520661,2,54481_132665_2,54481_132665
2264,person,0.88397807,0,40,143,355,132665,54481,0.2585227272727273,1,54481_132665_1,54481_132665
2265,person,0.59080756,33,48,199,360,132665,54481,0.2972451790633609,3,54481_132665_3,54481_132665
2266,person,0.9795513,370,50,483,354,132822,54481,0.1971533516988062,0,54481_132822_0,54481_132822
2267,person,0.9798135,130,93,302,357,132822,54481,0.2606060606060606,1,54481_132822_1,54481_132822
2268,person,0.96720505,0,36,193,353,132822,54481,0.3511306244260789,2,54481_132822_2,54481_132822
2269,person,0.9686775,372,52,482,358,132979,54481,0.193181818181818,0,54481_132979_0,54481_132979
2270,person,0.9621414,0,24,175,348,132979,54481,0.3254132231404959,2,54481_132979_2,54481_132979
2271,person,0.95817333,151,70,282,353,132979,54481,0.2127697428833792,1,54481_132979_1,54481_132979
2272,person,0.9570799,380,38,480,355,133136,54481,0.1819329660238751,0,54481_133136_0,54481_133136
2273,person,0.9520762,0,41,184,339,133136,54481,0.314692378328742,3,54481_133136_3,54481_133136
2274,person,0.9300805,132,69,287,359,133136,54481,0.2579775022956841,1,54481_133136_1,54481_133136
2275,person,0.7501306999999999,62,60,239,355,133136,54481,0.2996728650137741,2,54481_133136_2,54481_133136
2276,person,0.9720634,272,78,483,359,133293,54481,0.3402835169880624,1,54481_133293_1,54481_133293
2277,person,0.96352446,3,19,262,360,133293,54481,0.5068813131313131,2,54481_133293_2,54481_133293
2278,person,0.87661785,170,54,307,314,133293,54481,0.2044306703397612,0,54481_133293_0,54481_133293
2279,person,0.9785847,96,16,452,358,133450,54481,0.6987603305785124,0,54481_133450_0,54481_133450
2280,person,0.97573054,10,31,402,353,133607,54481,0.7244260789715335,1,54481_133607_1,54481_133607
2281,bird,0.7032035,180,110,299,266,133607,54481,0.1065426997245179,0,54481_133607_0,54481_133607
2282,person,0.9771474,26,0,418,355,133764,54481,0.7986685032139578,1,54481_133764_1,54481_133764
2283,person,0.7026335,232,52,474,328,133764,54481,0.3833333333333333,0,54481_133764_0,54481_133764
2284,person,0.9848251,0,43,458,345,133921,54481,0.7938246097337006,1,54481_133921_1,54481_133921
2285,person,0.6590399,154,41,448,310,133921,54481,0.4538911845730028,0,54481_133921_0,54481_133921
2286,person,0.9875425,1,52,415,351,134078,54481,0.7104338842975206,0,54481_134078_0,54481_134078
2287,person,0.97654074,274,144,480,341,134235,54481,0.2329086317722681,0,54481_134235_0,54481_134235
2288,horse,0.9657894,47,16,375,360,134392,54481,0.6475665748393021,0,54481_134392_0,54481_134392
2289,person,0.9895036,36,56,444,358,134549,54481,0.7071625344352617,0,54481_134549_0,54481_134549
2290,person,0.99148643,23,62,351,355,134706,54481,0.5515610651974289,1,54481_134706_1,54481_134706
2291,cell phone,0.59807146,328,195,387,284,134706,54481,0.030136593204775,0,54481_134706_0,54481_134706
2292,person,0.98365754,31,111,412,356,134863,54481,0.5357265840220385,0,54481_134863_0,54481_134863
2293,horse,0.99672806,26,10,350,360,135020,54481,0.6508264462809917,1,54481_135020_1,54481_135020
2294,horse,0.51509523,242,95,370,353,135020,54481,0.1895316804407713,0,54481_135020_0,54481_135020
2295,person,0.89124185,263,201,465,357,135177,54481,0.1808539944903581,2,54481_135177_2,54481_135177
2296,person,0.8749386999999998,3,0,166,353,135177,54481,0.3302284205693297,3,54481_135177_3,54481_135177
2297,person,0.8597735999999999,151,210,270,339,135177,54481,0.0881026170798898,0,54481_135177_0,54481_135177
2298,backpack,0.6387996,350,213,469,354,135177,54481,0.0962982093663912,1,54481_135177_1,54481_135177
2299,person,0.97350025,307,139,465,357,135334,54481,0.1976813590449954,0,54481_135334_0,54481_135334
2300,person,0.75260085,0,0,159,354,135334,54481,0.3230371900826446,1,54481_135334_1,54481_135334
2301,person,0.99197316,252,92,455,355,135491,54481,0.3064106978879706,1,54481_135491_1,54481_135491
2302,person,0.69587934,190,163,317,348,135491,54481,0.1348427456382001,0,54481_135491_0,54481_135491
2303,person,0.9793195,299,39,447,353,135648,54481,0.266712580348944,2,54481_135648_2,54481_135648
2304,horse,0.6889228000000001,5,11,140,325,135648,54481,0.2432851239669421,1,54481_135648_1,54481_135648
2305,person,0.59314173,241,170,313,348,135648,54481,0.0735537190082644,0,54481_135648_0,54481_135648
2306,person,0.96712476,3,107,196,355,135805,54481,0.2747015610651974,0,54481_135805_0,54481_135805
2307,person,0.6999503,71,50,350,357,135805,54481,0.4915805785123967,1,54481_135805_1,54481_135805
2308,person,0.7172647,281,171,369,355,135962,54481,0.0929292929292929,0,54481_135962_0,54481_135962
2309,horse,0.9913155,169,75,381,353,136119,54481,0.3382460973370064,0,54481_136119_0,54481_136119
2310,person,0.6362145,165,154,224,344,136276,54481,0.0643365472910927,0,54481_136276_0,54481_136276
2311,person,0.5200282,164,23,434,338,136276,54481,0.4881198347107438,1,54481_136276_1,54481_136276
2312,person,0.59366757,62,68,319,350,136433,54481,0.4159435261707989,0,54481_136433_0,54481_136433
2313,person,0.9863397,73,102,265,357,136590,54481,0.2809917355371901,0,54481_136590_0,54481_136590
2314,person,0.9720743,79,26,320,360,136747,54481,0.4619719926538109,0,54481_136747_0,54481_136747
2315,person,0.91829383,109,31,327,351,136904,54481,0.4003673094582185,0,54481_136904_0,54481_136904
2316,person,0.9498321,154,5,330,352,137061,54481,0.3505050505050505,0,54481_137061_0,54481_137061
2317,person,0.6728924,49,12,294,359,137061,54481,0.4879189623507805,2,54481_137061_2,54481_137061
2318,person,0.536509,260,10,484,344,137061,54481,0.4293847566574839,1,54481_137061_1,54481_137061
2319,person,0.9842407,123,10,328,360,137218,54481,0.4117883379247016,0,54481_137218_0,54481_137218
2320,person,0.5917965999999999,272,0,474,129,137375,54481,0.1495523415977961,1,54481_137375_1,54481_137375
2321,baseball glove,0.51926523,100,165,178,258,137375,54481,0.0416322314049586,0,54481_137375_0,54481_137375
2322,person,0.65657055,189,72,277,163,137689,54481,0.0459595959595959,0,54481_137689_0,54481_137689
2323,person,0.9717074,142,41,276,218,137846,54481,0.1361225895316804,0,54481_137846_0,54481_137846
2324,person,0.54928154,70,34,434,317,137846,54481,0.5912075298438935,1,54481_137846_1,54481_137846
2325,person,0.5283966,231,62,323,208,138003,54481,0.0770890725436179,0,54481_138003_0,54481_138003
2326,person,0.9897983,54,87,399,360,138160,54481,0.5405475206611571,0,54481_138160_0,54481_138160
2327,person,0.9558347,300,26,415,269,138317,54481,0.1603822314049586,0,54481_138317_0,54481_138317
2328,person,0.9912799,147,64,275,355,138474,54481,0.2137741046831956,0,54481_138474_0,54481_138474
2329,person,0.9151486,253,73,335,245,138631,54481,0.0809458218549127,0,54481_138631_0,54481_138631
2330,person,0.998439,164,85,388,355,138788,54481,0.3471074380165289,1,54481_138788_1,54481_138788
2331,sports ball,0.6062057,186,88,225,133,138788,54481,0.0100723140495867,0,54481_138788_0,54481_138788
2332,person,0.8914293,235,122,322,240,138945,54481,0.0589187327823691,0,54481_138945_0,54481_138945
2333,person,0.9346695,56,99,367,355,139102,54481,0.4569329660238751,1,54481_139102_1,54481_139102
2334,umbrella,0.6164407,0,0,409,302,139102,54481,0.7088957759412304,2,54481_139102_2,54481_139102
2335,person,0.54008037,256,8,470,357,139102,54481,0.4286386593204775,0,54481_139102_0,54481_139102
2336,person,0.98650646,31,48,430,353,139259,54481,0.6984331955922864,0,54481_139259_0,54481_139259
2337,person,0.9552973,9,123,360,350,139416,54481,0.4572830578512397,0,54481_139416_0,54481_139416
2338,person,0.79031825,119,86,302,356,139573,54481,0.2835743801652892,0,54481_139573_0,54481_139573
2339,person,0.98146456,40,35,450,352,139730,54481,0.745925160697888,0,54481_139730_0,54481_139730
2340,person,0.9839257,44,49,424,360,139887,54481,0.6782598714416896,0,54481_139887_0,54481_139887
2341,person,0.9804428,57,38,434,360,140044,54481,0.6967056932966024,0,54481_140044_0,54481_140044
2342,person,0.974936,39,37,426,358,140201,54481,0.7129648760330578,1,54481_140201_1,54481_140201
2343,clock,0.5696391,50,264,120,349,140201,54481,0.0341483011937557,0,54481_140201_0,54481_140201
2344,person,0.9752059,73,62,408,354,140358,54481,0.5614095500459136,0,54481_140358_0,54481_140358
2345,person,0.9762899,31,95,375,351,140515,54481,0.5054178145087236,0,54481_140515_0,54481_140515
2346,person,0.9717278,46,103,371,351,140672,54481,0.4625803489439853,1,54481_140672_1,54481_140672
2347,person,0.5581605,259,10,469,338,140672,54481,0.3953168044077135,0,54481_140672_0,54481_140672
2348,person,0.9686821,46,84,364,342,140829,54481,0.4708677685950413,0,54481_140829_0,54481_140829
2349,person,0.98673534,31,52,414,359,140986,54481,0.6748220844811754,0,54481_140986_0,54481_140986
2350,person,0.98455334,59,46,438,360,141143,54481,0.6830004591368227,0,54481_141143_0,54481_141143
2351,person,0.99473816,155,59,350,346,141300,54481,0.3211949035812672,0,54481_141300_0,54481_141300
2352,person,0.9970278,145,54,363,356,141457,54481,0.3778466483011937,0,54481_141457_0,54481_141457
2353,person,0.8709421,48,84,335,348,141614,54481,0.4348484848484849,0,54481_141614_0,54481_141614
2354,person,0.9929813,133,54,360,357,141771,54481,0.3947486225895317,0,54481_141771_0,54481_141771
2355,person,0.9913891,125,41,359,351,141928,54481,0.4163223140495868,0,54481_141928_0,54481_141928
2356,person,0.9979432,75,42,392,356,142085,54481,0.5712695133149679,0,54481_142085_0,54481_142085
2357,person,0.983111,65,149,219,351,142399,54481,0.1785353535353535,1,54481_142399_1,54481_142399
2358,person,0.56009394,62,153,161,360,142399,54481,0.1176136363636363,0,54481_142399_0,54481_142399
2359,person,0.9086035,239,102,320,320,142556,54481,0.1013429752066115,1,54481_142556_1,54481_142556
2360,person,0.7385433000000001,252,77,316,193,142556,54481,0.0426078971533517,0,54481_142556_0,54481_142556
2361,person,0.9637384,0,0,79,357,142713,54481,0.1618629476584022,0,54481_142713_0,54481_142713
2362,person,0.9483666,197,0,458,329,142713,54481,0.4928202479338843,1,54481_142713_1,54481_142713
2363,person,0.9531683,6,58,144,350,142870,54481,0.2312672176308539,2,54481_142870_2,54481_142870
2364,person,0.9471027,242,37,405,326,142870,54481,0.2703569788797061,3,54481_142870_3,54481_142870
2365,potted plant,0.6603291,126,114,226,284,142870,54481,0.0975665748393021,0,54481_142870_0,54481_142870
2366,person,0.60769504,76,69,144,354,142870,54481,0.1112258953168044,1,54481_142870_1,54481_142870
2367,person,0.9550049,10,65,150,352,143027,54481,0.2306014692378329,0,54481_143027_0,54481_143027
2368,person,0.95455116,260,51,422,331,143027,54481,0.2603305785123967,1,54481_143027_1,54481_143027
2369,person,0.92288417,64,0,474,210,143184,54481,0.4941460055096419,4,54481_143184_4,54481_143184
2370,bowl,0.91257447,134,187,337,293,143184,54481,0.1234963269054178,2,54481_143184_2,54481_143184
2371,bowl,0.86496633,48,147,185,214,143184,54481,0.0526802112029384,1,54481_143184_1,54481_143184
2372,person,0.59877366,249,4,476,197,143184,54481,0.2514405417814509,3,54481_143184_3,54481_143184
2373,dining table,0.5689293000000001,0,138,430,360,143184,54481,0.5478650137741047,5,54481_143184_5,54481_143184
2374,cup,0.5149751,304,250,373,335,143184,54481,0.0336604683195592,0,54481_143184_0,54481_143184
2375,person,0.98238015,331,111,479,354,143341,54481,0.206404958677686,2,54481_143341_2,54481_143341
2376,person,0.9620591,148,115,322,275,143341,54481,0.1597796143250688,0,54481_143341_0,54481_143341
2377,person,0.9445952,0,113,147,350,143341,54481,0.199948347107438,1,54481_143341_1,54481_143341
2378,person,0.9738656,161,115,328,279,143498,54481,0.1571854912764003,1,54481_143498_1,54481_143498
2379,person,0.969702,1,107,153,355,143498,54481,0.2163452708907254,3,54481_143498_3,54481_143498
2380,person,0.89263225,348,138,479,353,143498,54481,0.1616448576675849,2,54481_143498_2,54481_143498
2381,person,0.50710016,338,123,452,294,143498,54481,0.1118801652892562,0,54481_143498_0,54481_143498
2382,person,0.982114,0,113,198,352,143655,54481,0.2715909090909091,2,54481_143655_2,54481_143655
2383,person,0.97373986,196,116,389,280,143655,54481,0.1816574839302112,1,54481_143655_1,54481_143655
2384,person,0.5830812,383,112,480,310,143655,54481,0.1102272727272727,0,54481_143655_0,54481_143655
2385,person,0.9832556,0,107,194,359,143812,54481,0.2805785123966942,1,54481_143812_1,54481_143812
2386,person,0.97067046,199,115,394,283,143812,54481,0.1880165289256198,0,54481_143812_0,54481_143812
2387,person,0.98960644,208,37,421,359,143969,54481,0.393629476584022,2,54481_143969_2,54481_143969
2388,person,0.93819565,388,111,484,354,143969,54481,0.1338842975206611,0,54481_143969_0,54481_143969
2389,person,0.84381163,0,0,124,358,143969,54481,0.2547750229568411,1,54481_143969_1,54481_143969
2390,kite,0.56466514,98,69,135,90,144283,54481,0.0044593663911845,0,54481_144283_0,54481_144283
2391,person,0.96903616,299,67,422,360,144440,54481,0.2068353994490358,2,54481_144440_2,54481_144440
2392,person,0.9558396999999998,34,51,197,347,144440,54481,0.2769054178145087,5,54481_144440_5,54481_144440
2393,person,0.90816337,138,125,341,352,144440,54481,0.2644685491276401,3,54481_144440_3,54481_144440
2394,person,0.72475547,91,88,271,348,144440,54481,0.268595041322314,4,54481_144440_4,54481_144440
2395,person,0.5969489,167,134,286,294,144440,54481,0.1092745638200183,1,54481_144440_1,54481_144440
2396,person,0.51765203,133,118,234,237,144440,54481,0.0689795684113866,0,54481_144440_0,54481_144440
2397,person,0.98752844,29,82,191,360,144597,54481,0.2584710743801653,5,54481_144597_5,54481_144597
2398,person,0.9494863,175,106,351,352,144597,54481,0.2484848484848485,3,54481_144597_3,54481_144597
2399,person,0.8939084,309,65,412,345,144597,54481,0.1655188246097337,2,54481_144597_2,54481_144597
2400,person,0.82851094,220,78,379,351,144597,54481,0.2491219008264463,4,54481_144597_4,54481_144597
2401,person,0.60361665,159,111,228,352,144597,54481,0.0954373278236914,1,54481_144597_1,54481_144597
2402,person,0.5129784000000001,313,78,408,253,144597,54481,0.0954143709825528,0,54481_144597_0,54481_144597
2403,person,0.98264474,39,69,200,360,144754,54481,0.2688877410468319,2,54481_144754_2,54481_144754
2404,person,0.9435241,185,99,386,360,144754,54481,0.3010847107438017,3,54481_144754_3,54481_144754
2405,person,0.92163455,324,49,439,356,144754,54481,0.2026228191000918,1,54481_144754_1,54481_144754
2406,person,0.8123908000000001,181,110,258,262,144754,54481,0.0671717171717171,0,54481_144754_0,54481_144754
2407,person,0.90484536,339,149,405,314,144911,54481,0.0625,0,54481_144911_0,54481_144911
2408,person,0.8831629000000001,113,84,203,282,144911,54481,0.1022727272727272,3,54481_144911_3,54481_144911
2409,person,0.8714296999999999,272,151,334,341,144911,54481,0.0676078971533516,1,54481_144911_1,54481_144911
2410,horse,0.8560832,114,161,202,360,144911,54481,0.1005050505050505,2,54481_144911_2,54481_144911
2411,person,0.9346893,322,147,390,350,145068,54481,0.0792240587695133,3,54481_145068_3,54481_145068
2412,person,0.78105694,201,127,258,307,145068,54481,0.0588842975206611,0,54481_145068_0,54481_145068
2413,elephant,0.6470416,116,178,227,359,145068,54481,0.1153064738292011,4,54481_145068_4,54481_145068
2414,person,0.6296105,266,138,331,324,145068,54481,0.0693870523415978,1,54481_145068_1,54481_145068
2415,person,0.5943153,52,99,226,254,145068,54481,0.1547865013774104,5,54481_145068_5,54481_145068
2416,umbrella,0.5275491999999999,0,62,139,156,145068,54481,0.0749885215794306,2,54481_145068_2,54481_145068
2417,person,0.8983091999999999,262,143,338,339,145225,54481,0.0854912764003673,1,54481_145225_1,54481_145225
2418,horse,0.7564085,130,169,216,360,145225,54481,0.0942722681359045,2,54481_145225_2,54481_145225
2419,person,0.6919749,322,136,392,342,145225,54481,0.0827594123048668,0,54481_145225_0,54481_145225
2420,person,0.56182575,279,139,368,339,145225,54481,0.1021579430670339,3,54481_145225_3,54481_145225
2421,person,0.98797476,240,61,391,337,145382,54481,0.2391873278236914,1,54481_145382_1,54481_145382
2422,person,0.92272526,161,116,257,317,145382,54481,0.1107438016528925,0,54481_145382_0,54481_145382
2423,person,0.52042335,5,44,189,354,145382,54481,0.3273645546372819,2,54481_145382_2,54481_145382
2424,person,0.9843737,52,51,189,350,145539,54481,0.2350952708907254,4,54481_145539_4,54481_145539
2425,person,0.9771403,204,126,336,323,145539,54481,0.1492424242424242,2,54481_145539_2,54481_145539
2426,person,0.86294794,389,53,484,360,145539,54481,0.1673840679522497,3,54481_145539_3,54481_145539
2427,person,0.7702495,0,54,71,349,145539,54481,0.1202077594123048,1,54481_145539_1,54481_145539
2428,person,0.5973086999999999,290,143,399,333,145539,54481,0.1188590449954086,0,54481_145539_0,54481_145539
2429,person,0.952329,63,58,186,360,145696,54481,0.2131887052341597,3,54481_145696_3,54481_145696
2430,person,0.9522313,184,123,321,327,145696,54481,0.1603994490358126,2,54481_145696_2,54481_145696
2431,person,0.94641876,396,54,481,360,145696,54481,0.1492768595041322,0,54481_145696_0,54481_145696
2432,person,0.9339268,7,85,107,347,145696,54481,0.1503673094582185,1,54481_145696_1,54481_145696
2433,person,0.9737762,58,62,194,359,145853,54481,0.2318181818181818,3,54481_145853_3,54481_145853
2434,person,0.94869965,198,123,313,318,145853,54481,0.1287017906336088,1,54481_145853_1,54481_145853
2435,person,0.8398978000000001,391,52,484,360,145853,54481,0.1643939393939394,2,54481_145853_2,54481_145853
2436,person,0.77092373,0,82,82,350,145853,54481,0.1261248852157943,0,54481_145853_0,54481_145853
2437,person,0.99026126,90,31,436,355,146010,54481,0.6433884297520661,0,54481_146010_0,54481_146010
2438,person,0.99308175,18,11,477,352,146167,54481,0.8982954545454546,3,54481_146167_3,54481_146167
2439,person,0.6934771,326,4,481,230,146167,54481,0.201044536271809,0,54481_146167_0,54481_146167
2440,person,0.5864977,2,5,114,320,146167,54481,0.2024793388429752,1,54481_146167_1,54481_146167
2441,person,0.5251033,60,25,377,306,146167,54481,0.5112316345270891,2,54481_146167_2,54481_146167
2442,cup,0.89936024,25,123,76,183,146324,54481,0.0175619834710743,1,54481_146324_1,54481_146324
2443,cup,0.84544545,430,207,482,273,146324,54481,0.0196969696969696,2,54481_146324_2,54481_146324
2444,dining table,0.7428716999999999,0,81,484,360,146324,54481,0.775,3,54481_146324_3,54481_146324
2445,cup,0.54431427,221,110,267,171,146324,54481,0.0161042240587695,0,54481_146324_0,54481_146324
2446,person,0.96177995,300,65,401,358,146481,54481,0.1698404499540863,0,54481_146481_0,54481_146481
2447,person,0.7216967,377,51,477,357,146481,54481,0.1756198347107438,1,54481_146481_1,54481_146481
2448,person,0.9339365,256,73,436,333,146638,54481,0.268595041322314,5,54481_146638_5,54481_146638
2449,person,0.8141398,156,124,292,319,146638,54481,0.1522038567493113,2,54481_146638_2,54481_146638
2450,person,0.76754194,0,68,108,338,146638,54481,0.1673553719008264,3,54481_146638_3,54481_146638
2451,cup,0.7143515,121,326,156,356,146638,54481,0.006026170798898,1,54481_146638_1,54481_146638
2452,person,0.66286045,40,124,176,352,146638,54481,0.177961432506887,4,54481_146638_4,54481_146638
2453,cup,0.5480263000000001,163,312,194,343,146638,54481,0.0055153810835629,0,54481_146638_0,54481_146638
2454,person,0.9137985,281,57,429,292,146795,54481,0.1996097337006428,3,54481_146795_3,54481_146795
2455,person,0.9084127,33,136,221,351,146795,54481,0.2319788797061524,5,54481_146795_5,54481_146795
2456,person,0.8507377,95,142,236,342,146795,54481,0.1618457300275482,1,54481_146795_1,54481_146795
2457,person,0.83630764,158,131,331,336,146795,54481,0.2035410927456382,4,54481_146795_4,54481_146795
2458,person,0.801325,6,56,109,351,146795,54481,0.1743859044995408,2,54481_146795_2,54481_146795
2459,cup,0.56280464,121,330,155,360,146795,54481,0.0058539944903581,0,54481_146795_0,54481_146795
2460,person,0.8831165000000001,270,63,416,317,146952,54481,0.2128328741965105,3,54481_146952_3,54481_146952
2461,person,0.8774211999999999,148,119,299,332,146952,54481,0.1845902203856749,2,54481_146952_2,54481_146952
2462,cup,0.7899961,121,323,155,359,146952,54481,0.0070247933884297,0,54481_146952_0,54481_146952
2463,person,0.6473687,5,48,130,350,146952,54481,0.2166551882460973,4,54481_146952_4,54481_146952
2464,person,0.5443425999999999,395,142,481,356,146952,54481,0.1056244260789715,1,54481_146952_1,54481_146952
2465,person,0.996781,115,37,286,356,147109,54481,0.3130681818181818,0,54481_147109_0,54481_147109
2466,person,0.9885083,49,27,166,359,147266,54481,0.2229338842975206,1,54481_147266_1,54481_147266
2467,person,0.9885563,334,143,467,356,147266,54481,0.1625860881542699,0,54481_147266_0,54481_147266
2468,person,0.98569447,120,23,240,356,147423,54481,0.2293388429752066,2,54481_147423_2,54481_147423
2469,person,0.981217,399,137,481,352,147423,54481,0.1011822773186409,1,54481_147423_1,54481_147423
2470,person,0.8769763,3,223,65,360,147423,54481,0.048748852157943,0,54481_147423_0,54481_147423
2471,person,0.98873,206,27,327,356,147580,54481,0.2284722222222222,1,54481_147580_1,54481_147580
2472,person,0.98796695,20,217,155,357,147580,54481,0.1084710743801652,0,54481_147580_0,54481_147580
2473,person,0.9883328,211,118,480,360,147737,54481,0.3736111111111111,1,54481_147737_1,54481_147737
2474,person,0.98788375,7,217,142,356,147737,54481,0.1076962809917355,0,54481_147737_0,54481_147737
2475,person,0.93548906,112,75,227,343,147894,54481,0.17688246097337,0,54481_147894_0,54481_147894
2476,person,0.5006212999999999,90,56,266,355,147894,54481,0.3020202020202019,1,54481_147894_1,54481_147894
2477,person,0.9865965,154,123,310,294,148051,54481,0.153099173553719,2,54481_148051_2,54481_148051
2478,person,0.9482985,287,144,416,354,148051,54481,0.1554752066115702,3,54481_148051_3,54481_148051
2479,person,0.9109092,415,137,482,295,148051,54481,0.0607552800734618,0,54481_148051_0,54481_148051
2480,person,0.65453345,6,176,148,359,148051,54481,0.1491391184573002,1,54481_148051_1,54481_148051
2481,person,0.9916128,298,168,403,354,148208,54481,0.1120867768595041,2,54481_148208_2,54481_148208
2482,person,0.97676986,58,174,197,328,148208,54481,0.1228535353535353,4,54481_148208_4,54481_148208
2483,person,0.8097430999999999,393,69,479,313,148208,54481,0.1204315886134068,3,54481_148208_3,54481_148208
2484,person,0.6899821,174,205,295,351,148208,54481,0.1013888888888888,1,54481_148208_1,54481_148208
2485,remote,0.633841,161,281,196,313,148208,54481,0.0064279155188246,0,54481_148208_0,54481_148208
2486,person,0.98003983,244,13,445,355,148365,54481,0.3945247933884298,0,54481_148365_0,54481_148365
2487,person,0.97778773,225,34,470,356,148522,54481,0.4527662993572085,0,54481_148522_0,54481_148522
2488,person,0.9909175,293,164,403,350,148679,54481,0.1174242424242424,1,54481_148679_1,54481_148679
2489,person,0.98936486,61,154,179,327,148679,54481,0.1171602387511478,0,54481_148679_0,54481_148679
2490,person,0.92367065,171,182,302,359,148679,54481,0.1330750688705234,2,54481_148679_2,54481_148679
2491,person,0.9884552,186,5,471,355,148836,54481,0.5724862258953168,0,54481_148836_0,54481_148836
2492,person,0.996509,154,3,473,360,148993,54481,0.6535984848484848,0,54481_148993_0,54481_148993
2493,person,0.9983192,154,10,341,360,149150,54481,0.3756313131313132,0,54481_149150_0,54481_149150
2494,person,0.98746777,249,24,409,355,149307,54481,0.3039485766758494,0,54481_149307_0,54481_149307
2495,horse,0.6839753000000001,0,57,236,353,149307,54481,0.4009182736455464,1,54481_149307_1,54481_149307
2496,person,0.6177261,104,3,448,319,149464,54481,0.6238751147842057,0,54481_149464_0,54481_149464
2497,horse,0.58369046,45,3,446,324,149464,54481,0.7387568870523415,1,54481_149464_1,54481_149464
2498,kite,0.559809,248,35,276,65,149621,54481,0.0048209366391184,0,54481_149621_0,54481_149621
2499,person,0.99051696,10,109,239,354,149778,54481,0.3219983930211203,4,54481_149778_4,54481_149778
2500,person,0.9795786,231,99,409,277,149778,54481,0.1818411386593204,3,54481_149778_3,54481_149778
2501,person,0.8793366,403,132,481,338,149778,54481,0.0922176308539945,1,54481_149778_1,54481_149778
2502,person,0.7410869000000001,409,196,480,353,149778,54481,0.0639749770431588,0,54481_149778_0,54481_149778
2503,dining table,0.50632954,79,263,421,352,149778,54481,0.1746900826446281,2,54481_149778_2,54481_149778
2504,person,0.9756235,2,98,124,348,149935,54481,0.1750459136822773,1,54481_149935_1,54481_149935
2505,person,0.973885,358,110,478,348,149935,54481,0.1639118457300275,0,54481_149935_0,54481_149935
2506,person,0.96943676,172,97,344,277,149935,54481,0.1776859504132231,2,54481_149935_2,54481_149935
2507,person,0.99419916,169,99,341,273,150092,54481,0.171763085399449,0,54481_150092_0,54481_150092
2508,person,0.99196315,7,91,142,338,150092,54481,0.1913739669421487,2,54481_150092_2,54481_150092
2509,person,0.98389727,350,92,480,342,150092,54481,0.1865243342516069,1,54481_150092_1,54481_150092
2510,person,0.9918549,177,24,413,355,150249,54481,0.4483241505968778,0,54481_150249_0,54481_150249
2511,person,0.9803021,205,83,308,323,150406,54481,0.1418732782369146,1,54481_150406_1,54481_150406
2512,teddy bear,0.81910586,121,262,178,323,150406,54481,0.0199552341597796,0,54481_150406_0,54481_150406
2513,kite,0.95542604,225,38,254,77,150563,54481,0.0064910468319559,0,54481_150563_0,54481_150563
2514,person,0.9887222,21,222,70,355,150720,54481,0.0374024334251607,7,54481_150720_7,54481_150720
2515,person,0.955331,443,215,480,352,150720,54481,0.029092056932966,4,54481_150720_4,54481_150720
2516,person,0.8554610999999999,363,267,415,359,150720,54481,0.0274563820018365,3,54481_150720_3,54481_150720
2517,person,0.8238360999999998,247,227,295,354,150720,54481,0.0349862258953168,6,54481_150720_6,54481_150720
2518,person,0.7324970000000001,85,215,118,300,150720,54481,0.0160984848484848,1,54481_150720_1,54481_150720
2519,person,0.70323956,268,275,382,359,150720,54481,0.0549586776859504,9,54481_150720_9,54481_150720
2520,person,0.6864321999999999,268,280,340,360,150720,54481,0.0330578512396694,5,54481_150720_5,54481_150720
2521,person,0.5999204,194,210,223,285,150720,54481,0.012482782369146,0,54481_150720_0,54481_150720
2522,person,0.56678027,156,258,233,358,150720,54481,0.0441919191919191,8,54481_150720_8,54481_150720
2523,person,0.5467387,403,219,438,338,150720,54481,0.023903810835629,2,54481_150720_2,54481_150720
2524,person,0.97411424,19,224,68,353,150877,54481,0.0362775482093663,7,54481_150877_7,54481_150877
2525,person,0.97176874,434,215,473,351,150877,54481,0.0304407713498622,5,54481_150877_5,54481_150877
2526,person,0.92173904,148,232,204,357,150877,54481,0.0401744719926538,9,54481_150877_9,54481_150877
2527,person,0.90322655,96,225,136,352,150877,54481,0.0291551882460973,4,54481_150877_4,54481_150877
2528,person,0.79052705,234,244,294,358,150877,54481,0.0392561983471074,8,54481_150877_8,54481_150877
2529,person,0.7644361999999999,193,223,230,355,150877,54481,0.028030303030303,3,54481_150877_3,54481_150877
2530,person,0.7602153,404,211,437,348,150877,54481,0.0259469696969696,2,54481_150877_2,54481_150877
2531,person,0.649125,129,232,161,356,150877,54481,0.02277318640955,1,54481_150877_1,54481_150877
2532,person,0.62603456,340,227,382,360,150877,54481,0.0320592286501377,6,54481_150877_6,54481_150877
2533,person,0.5223952000000001,82,216,111,312,150877,54481,0.0159779614325068,0,54481_150877_0,54481_150877
2534,person,0.9524690999999998,229,75,365,347,151034,54481,0.2123048668503214,3,54481_151034_3,54481_151034
2535,person,0.91284925,217,102,312,341,151034,54481,0.1303087695133149,2,54481_151034_2,54481_151034
2536,chair,0.66276914,0,202,124,353,151034,54481,0.1074609733700642,1,54481_151034_1,54481_151034
2537,potted plant,0.5378539999999999,83,197,192,349,151034,54481,0.0950872359963269,0,54481_151034_0,54481_151034
2538,person,0.9177431,248,56,347,299,151191,54481,0.1380681818181818,0,54481_151191_0,54481_151191
2539,person,0.91610336,177,93,270,360,151191,54481,0.1425103305785124,1,54481_151191_1,54481_151191
2540,person,0.9179999,148,79,295,330,151348,54481,0.2117596418732782,0,54481_151348_0,54481_151348
2541,person,0.80054134,177,50,328,302,151348,54481,0.2183884297520661,1,54481_151348_1,54481_151348
2542,person,0.88459957,201,63,302,308,151505,54481,0.1420167584940312,1,54481_151505_1,54481_151505
2543,person,0.88432807,144,101,230,358,151505,54481,0.126848025711662,0,54481_151505_0,54481_151505
2544,person,0.9815671,313,111,444,342,151662,54481,0.1736742424242424,1,54481_151662_1,54481_151662
2545,person,0.9285435,84,85,204,357,151662,54481,0.1873278236914601,2,54481_151662_2,54481_151662
2546,person,0.82354313,26,199,89,355,151662,54481,0.0564049586776859,0,54481_151662_0,54481_151662
2547,person,0.97902495,101,93,283,358,151819,54481,0.2768021120293848,1,54481_151819_1,54481_151819
2548,person,0.7035281999999999,64,117,183,350,151819,54481,0.1591310835629017,0,54481_151819_0,54481_151819
2549,person,0.9782693,105,76,326,358,151976,54481,0.3576790633608816,0,54481_151976_0,54481_151976
2550,person,0.9895509,126,68,342,355,152133,54481,0.3557851239669422,0,54481_152133_0,54481_152133
2551,person,0.98709595,212,94,324,297,152290,54481,0.1304866850321396,2,54481_152290_2,54481_152290
2552,person,0.9777591,324,170,437,308,152290,54481,0.0894972451790633,0,54481_152290_0,54481_152290
2553,person,0.9750622,46,167,187,317,152290,54481,0.1213842975206611,1,54481_152290_1,54481_152290
2554,person,0.9866941,39,62,303,331,152447,54481,0.4075757575757576,1,54481_152447_1,54481_152447
2555,person,0.96984595,330,42,484,320,152447,54481,0.2457070707070707,0,54481_152447_0,54481_152447
2556,person,0.99296427,35,69,319,348,152604,54481,0.4547520661157025,1,54481_152604_1,54481_152604
2557,person,0.9705484,198,51,448,334,152604,54481,0.4060491276400368,0,54481_152604_0,54481_152604
2558,person,0.9956318,263,99,467,350,152761,54481,0.293870523415978,1,54481_152761_1,54481_152761
2559,person,0.98355526,25,86,228,330,152761,54481,0.2842745638200184,0,54481_152761_0,54481_152761
2560,person,0.9960265,263,87,471,356,152918,54481,0.3211202938475666,1,54481_152918_1,54481_152918
2561,person,0.97907263,20,99,219,332,152918,54481,0.2661099632690542,0,54481_152918_0,54481_152918
2562,person,0.99541664,241,87,464,349,153075,54481,0.3353191000918273,1,54481_153075_1,54481_153075
2563,person,0.9742911,22,88,208,324,153075,54481,0.2519283746556474,0,54481_153075_0,54481_153075
2564,person,0.99473566,213,89,456,354,153232,54481,0.3695764462809917,1,54481_153232_1,54481_153232
2565,person,0.98573065,16,52,202,326,153232,54481,0.2924931129476584,0,54481_153232_0,54481_153232
2566,person,0.9969252,284,90,481,348,153389,54481,0.2917011019283747,1,54481_153389_1,54481_153389
2567,person,0.9869206,8,81,207,309,153389,54481,0.2603994490358127,0,54481_153389_0,54481_153389
2568,person,0.9861427,10,49,319,352,153546,54481,0.5373450413223141,1,54481_153546_1,54481_153546
2569,person,0.96978533,306,59,484,316,153546,54481,0.2625459136822773,0,54481_153546_0,54481_153546
2570,person,0.9608444,35,76,462,344,153703,54481,0.6567722681359045,2,54481_153703_2,54481_153703
2571,person,0.90960366,297,83,471,302,153703,54481,0.218698347107438,1,54481_153703_1,54481_153703
2572,person,0.60930866,165,1,274,149,153703,54481,0.092584940312213,0,54481_153703_0,54481_153703
2573,person,0.9927356,243,74,482,316,153860,54481,0.3319444444444444,0,54481_153860_0,54481_153860
2574,person,0.9874027,30,59,284,347,153860,54481,0.4198347107438016,1,54481_153860_1,54481_153860
2575,person,0.9935369,249,87,450,349,154017,54481,0.3022382920110193,1,54481_154017_1,54481_154017
2576,person,0.9715316,15,72,213,322,154017,54481,0.2840909090909091,0,54481_154017_0,54481_154017
2577,person,0.99044085,325,70,452,320,154174,54481,0.1822199265381084,1,54481_154174_1,54481_154174
2578,person,0.9863919,182,171,283,309,154174,54481,0.0799931129476584,0,54481_154174_0,54481_154174
2579,person,0.9771434,31,37,190,321,154174,54481,0.2591597796143251,2,54481_154174_2,54481_154174
2580,person,0.9214115,155,169,371,353,154331,54481,0.228099173553719,0,54481_154331_0,54481_154331
2581,horse,0.978066,110,148,204,354,154488,54481,0.1111340679522497,4,54481_154488_4,54481_154488
2582,person,0.9198157,160,130,230,323,154488,54481,0.0775367309458218,2,54481_154488_2,54481_154488
2583,person,0.8675560999999999,324,174,416,357,154488,54481,0.096625344352617,3,54481_154488_3,54481_154488
2584,person,0.6430519,31,229,79,302,154488,54481,0.0201101928374655,0,54481_154488_0,54481_154488
2585,person,0.5883366999999999,354,53,415,165,154488,54481,0.0392102846648301,1,54481_154488_1,54481_154488
2586,person,0.968701,170,24,368,327,154645,54481,0.3443181818181818,0,54481_154645_0,54481_154645
2587,horse,0.9935962,242,87,452,348,154802,54481,0.3145661157024793,5,54481_154802_5,54481_154802
2588,horse,0.8970833,49,111,237,359,154802,54481,0.267584940312213,4,54481_154802_4,54481_154802
2589,person,0.681628,231,185,323,347,154802,54481,0.0855371900826446,2,54481_154802_2,54481_154802
2590,person,0.6453528000000001,88,67,199,320,154802,54481,0.1611742424242424,3,54481_154802_3,54481_154802
2591,person,0.57723993,368,55,401,115,154802,54481,0.0113636363636363,0,54481_154802_0,54481_154802
2592,person,0.5084748,319,158,352,234,154802,54481,0.0143939393939393,1,54481_154802_1,54481_154802
2593,person,0.8603403000000001,307,104,480,351,154959,54481,0.2452421946740128,0,54481_154959_0,54481_154959
2594,person,0.9790425,187,84,262,298,155116,54481,0.0921143250688705,4,54481_155116_4,54481_155116
2595,person,0.93698317,122,166,193,355,155116,54481,0.0770144628099173,3,54481_155116_3,54481_155116
2596,person,0.90789723,52,176,144,359,155116,54481,0.096625344352617,5,54481_155116_5,54481_155116
2597,person,0.8234565999999999,349,103,416,236,155116,54481,0.0511421028466483,2,54481_155116_2,54481_155116
2598,person,0.75765514,451,75,483,267,155116,54481,0.0352617079889807,0,54481_155116_0,54481_155116
2599,person,0.7314118000000001,298,82,351,240,155116,54481,0.0480601469237832,1,54481_155116_1,54481_155116
2600,person,0.97146624,62,98,186,293,155273,54481,0.1387741046831956,2,54481_155273_2,54481_155273
2601,person,0.8812472,187,116,272,316,155273,54481,0.0975665748393021,1,54481_155273_1,54481_155273
2602,person,0.6867833000000001,41,133,85,267,155273,54481,0.0338383838383838,0,54481_155273_0,54481_155273
2603,person,0.7917039,115,115,164,298,155430,54481,0.0514634986225895,3,54481_155430_3,54481_155430
2604,person,0.77646786,4,118,43,338,155430,54481,0.0492424242424242,2,54481_155430_2,54481_155430
2605,person,0.74420196,439,96,481,275,155430,54481,0.0431473829201101,1,54481_155430_1,54481_155430
2606,person,0.71485305,169,107,260,240,155430,54481,0.0694616620752984,4,54481_155430_4,54481_155430
2607,person,0.7107975999999999,183,66,229,152,155430,54481,0.022704315886134,0,54481_155430_0,54481_155430
2608,person,0.88299567,90,52,202,332,155587,54481,0.179981634527089,4,54481_155587_4,54481_155587
2609,person,0.8373954,5,105,38,350,155587,54481,0.0464015151515151,3,54481_155587_3,54481_155587
2610,person,0.73630214,186,69,231,165,155587,54481,0.024793388429752,1,54481_155587_1,54481_155587
2611,person,0.64748603,202,124,250,204,155587,54481,0.0220385674931129,0,54481_155587_0,54481_155587
2612,person,0.61620396,440,102,480,272,155587,54481,0.0390266299357208,2,54481_155587_2,54481_155587
2613,person,0.7817941999999999,152,135,202,207,155744,54481,0.0206611570247933,0,54481_155744_0,54481_155744
2614,person,0.97756106,140,59,361,318,155901,54481,0.3285066574839302,5,54481_155901_5,54481_155901
2615,person,0.9573006,8,166,72,346,155901,54481,0.0661157024793388,2,54481_155901_2,54481_155901
2616,person,0.9112691,60,159,148,360,155901,54481,0.1015151515151515,3,54481_155901_3,54481_155901
2617,person,0.8939345,196,0,370,266,155901,54481,0.265633608815427,4,54481_155901_4,54481_155901
2618,person,0.68881816,449,94,478,256,155901,54481,0.0269628099173553,0,54481_155901_0,54481_155901
2619,person,0.50121695,410,97,450,246,155901,54481,0.0342056932966023,1,54481_155901_1,54481_155901
2620,person,0.9886087,119,57,405,360,156058,54481,0.4973484848484849,5,54481_156058_5,54481_156058
2621,person,0.9660959,43,197,132,357,156058,54481,0.0817263544536271,2,54481_156058_2,54481_156058
2622,person,0.90824056,2,199,54,353,156058,54481,0.0459595959595959,1,54481_156058_1,54481_156058
2623,person,0.7457855,434,138,475,292,156058,54481,0.0362373737373737,0,54481_156058_0,54481_156058
2624,person,0.7293566,174,19,400,301,156058,54481,0.3657713498622589,4,54481_156058_4,54481_156058
2625,person,0.7019594,230,30,392,253,156058,54481,0.2073347107438016,3,54481_156058_3,54481_156058
2626,person,0.98238695,123,100,310,360,156215,54481,0.279040404040404,5,54481_156215_5,54481_156215
2627,person,0.8631614,189,5,316,204,156215,54481,0.1450470615243342,3,54481_156215_3,54481_156215
2628,person,0.63478035,402,52,482,256,156215,54481,0.09366391184573,2,54481_156215_2,54481_156215
2629,person,0.6097352,390,46,480,350,156215,54481,0.1570247933884297,4,54481_156215_4,54481_156215
2630,person,0.6086436,150,48,186,145,156215,54481,0.0200413223140495,0,54481_156215_0,54481_156215
2631,person,0.541879,365,73,412,186,156215,54481,0.0304809458218549,1,54481_156215_1,54481_156215
2632,person,0.996959,108,59,271,359,156372,54481,0.2806473829201102,2,54481_156372_2,54481_156372
2633,person,0.94912136,303,34,416,356,156372,54481,0.2088269054178145,1,54481_156372_1,54481_156372
2634,person,0.8969279,392,166,443,327,156372,54481,0.0471246556473829,0,54481_156372_0,54481_156372
2635,person,0.9937091,312,84,469,357,156529,54481,0.2459882920110193,0,54481_156529_0,54481_156529
2636,person,0.9865165,65,70,325,360,156529,54481,0.4327364554637282,1,54481_156529_1,54481_156529
2637,person,0.99826497,285,79,433,354,156686,54481,0.2335858585858586,1,54481_156686_1,54481_156686
2638,person,0.9855721,21,76,149,357,156686,54481,0.2064279155188246,0,54481_156686_0,54481_156686
2639,person,0.98999995,130,78,304,356,156843,54481,0.2776170798898072,0,54481_156843_0,54481_156843
2640,person,0.99193007,116,117,288,360,157000,54481,0.2398760330578512,0,54481_157000_0,54481_157000
2641,horse,0.95430225,88,129,194,357,157157,54481,0.1387052341597796,1,54481_157157_1,54481_157157
2642,person,0.8568591999999998,73,85,166,267,157157,54481,0.0971418732782369,0,54481_157157_0,54481_157157
2643,person,0.99795854,33,83,165,357,157314,54481,0.2075757575757576,1,54481_157314_1,54481_157314
2644,person,0.99059767,301,47,476,331,157314,54481,0.2852387511478421,2,54481_157314_2,54481_157314
2645,person,0.5800771,7,109,46,231,157314,54481,0.0273071625344352,0,54481_157314_0,54481_157314
2646,person,0.98409605,261,92,360,337,157471,54481,0.1392045454545454,0,54481_157471_0,54481_157471
2647,person,0.9850868,29,27,257,360,157628,54481,0.4357438016528925,2,54481_157628_2,54481_157628
2648,person,0.9436466999999998,189,117,407,353,157628,54481,0.2952708907254361,1,54481_157628_1,54481_157628
2649,backpack,0.770825,29,101,159,321,157628,54481,0.1641414141414141,0,54481_157628_0,54481_157628
2650,person,0.8833223,105,74,204,274,157785,54481,0.1136363636363636,2,54481_157785_2,54481_157785
2651,horse,0.82414186,82,119,162,357,157785,54481,0.1092745638200183,1,54481_157785_1,54481_157785
2652,person,0.782875,90,71,166,309,157785,54481,0.1038108356290174,0,54481_157785_0,54481_157785
2653,person,0.52103513,183,143,306,357,157785,54481,0.1510674931129476,3,54481_157785_3,54481_157785
2654,person,0.5005688,109,86,254,354,157785,54481,0.2230257116620753,4,54481_157785_4,54481_157785
2655,person,0.98256314,0,24,163,300,157942,54481,0.2581955922865013,0,54481_157942_0,54481_157942
2656,person,0.9938426,125,100,250,360,158099,54481,0.1865243342516069,1,54481_158099_1,54481_158099
2657,person,0.9838794,342,127,473,342,158099,54481,0.1616448576675849,0,54481_158099_0,54481_158099
2658,person,0.99366343,94,71,326,353,158256,54481,0.3754820936639118,2,54481_158256_2,54481_158256
2659,person,0.65781397,260,106,337,270,158256,54481,0.0724747474747474,1,54481_158256_1,54481_158256
2660,person,0.6271894,266,105,316,189,158256,54481,0.0241046831955922,0,54481_158256_0,54481_158256
2661,person,0.99541533,186,52,413,346,158413,54481,0.3830234159779614,1,54481_158413_1,54481_158413
2662,person,0.9545967,134,132,222,346,158413,54481,0.108080808080808,0,54481_158413_0,54481_158413
2663,person,0.97941786,242,39,381,351,158570,54481,0.2488980716253444,1,54481_158570_1,54481_158570
2664,person,0.8844582000000001,91,159,205,352,158570,54481,0.1262741046831955,0,54481_158570_0,54481_158570
2665,person,0.989258,20,37,344,354,158727,54481,0.5894628099173553,1,54481_158727_1,54481_158727
2666,umbrella,0.7589130999999999,364,0,479,360,158727,54481,0.237603305785124,0,54481_158727_0,54481_158727
2667,person,0.9882636,16,41,354,357,158884,54481,0.6129935720844811,1,54481_158884_1,54481_158884
2668,umbrella,0.7595715000000001,363,0,482,360,158884,54481,0.2458677685950413,0,54481_158884_0,54481_158884
2669,person,0.9786043,188,103,379,308,159041,54481,0.2247187786960514,0,54481_159041_0,54481_159041
2670,person,0.5120842999999999,10,0,238,353,159041,54481,0.4619146005509642,1,54481_159041_1,54481_159041
2671,bird,0.99902964,33,54,450,326,159198,54481,0.6509641873278237,0,54481_159198_0,54481_159198
2672,person,0.98063546,23,72,262,357,159355,54481,0.3909263085399449,0,54481_159355_0,54481_159355
2673,person,0.917287,110,66,254,283,159512,54481,0.1793388429752066,0,54481_159512_0,54481_159512
2674,person,0.9893913,10,34,274,357,159669,54481,0.4893939393939394,1,54481_159669_1,54481_159669
2675,person,0.70609754,44,28,208,229,159669,54481,0.1891873278236914,0,54481_159669_0,54481_159669
2676,person,0.9970926,332,97,411,315,159826,54481,0.0988406795224977,0,54481_159826_0,54481_159826
2677,person,0.9804207,221,97,352,347,159826,54481,0.1879591368227732,1,54481_159826_1,54481_159826
2678,person,0.9958313,105,51,296,358,159983,54481,0.3365300734618916,1,54481_159983_1,54481_159983
2679,person,0.9914771,298,44,415,359,159983,54481,0.2115185950413223,0,54481_159983_0,54481_159983
2680,person,0.99486035,181,45,348,352,160140,54481,0.2942435720844811,1,54481_160140_1,54481_160140
2681,person,0.98485374,329,66,477,323,160140,54481,0.2182966023875114,0,54481_160140_0,54481_160140
2682,person,0.9924907,118,52,300,356,160297,54481,0.3175390266299357,1,54481_160297_1,54481_160297
2683,person,0.9903066,287,56,390,360,160297,54481,0.1797061524334251,0,54481_160297_0,54481_160297
2684,person,0.9953365,172,14,390,352,160454,54481,0.4228879706152433,0,54481_160454_0,54481_160454
2685,person,0.9956077,95,53,384,357,160611,54481,0.5042240587695133,0,54481_160611_0,54481_160611
2686,person,0.9951415,115,87,272,347,160768,54481,0.2342745638200184,1,54481_160768_1,54481_160768
2687,person,0.88988656,225,59,347,353,160768,54481,0.2058539944903581,0,54481_160768_0,54481_160768
2688,person,0.99203885,217,69,360,353,160925,54481,0.2330808080808081,1,54481_160925_1,54481_160925
2689,person,0.9363386,113,40,235,339,160925,54481,0.2093549127640036,0,54481_160925_0,54481_160925
2690,person,0.98009014,286,19,484,356,161239,54481,0.3829545454545454,1,54481_161239_1,54481_161239
2691,person,0.9739372,19,87,209,350,161239,54481,0.2867883379247015,0,54481_161239_0,54481_161239
2692,person,0.9801324,239,7,459,355,161396,54481,0.4393939393939394,1,54481_161396_1,54481_161396
2693,person,0.9730636,6,86,168,358,161396,54481,0.2528925619834711,0,54481_161396_0,54481_161396
2694,person,0.9824897,282,16,471,352,161553,54481,0.3644628099173553,1,54481_161553_1,54481_161553
2695,person,0.93159896,5,89,159,344,161553,54481,0.2253787878787879,0,54481_161553_0,54481_161553
2696,person,0.98431325,9,88,191,359,161710,54481,0.2830693296602387,0,54481_161710_0,54481_161710
2697,person,0.9784167,284,18,470,356,161710,54481,0.3608126721763085,1,54481_161710_1,54481_161710
2698,person,0.989702,293,6,472,358,161867,54481,0.3616161616161616,1,54481_161867_1,54481_161867
2699,person,0.9711563,21,96,201,351,161867,54481,0.2634297520661157,0,54481_161867_0,54481_161867
2700,person,0.9623234,64,14,461,348,162024,54481,0.7610078053259871,2,54481_162024_2,54481_162024
2701,person,0.9091162,11,111,290,355,162024,54481,0.3907024793388429,1,54481_162024_1,54481_162024
2702,person,0.8953561999999999,288,12,475,353,162024,54481,0.3659722222222222,0,54481_162024_0,54481_162024
2703,person,0.98108417,17,90,205,358,162181,54481,0.2891643709825528,0,54481_162181_0,54481_162181
2704,person,0.9683382,295,21,472,355,162181,54481,0.3392906336088154,1,54481_162181_1,54481_162181
2705,person,0.9892915,148,27,455,358,162338,54481,0.583201331496786,1,54481_162338_1,54481_162338
2706,person,0.95018226,51,87,206,352,162338,54481,0.2357380624426079,0,54481_162338_0,54481_162338
2707,person,0.9946367,194,19,471,360,162495,54481,0.5421085858585859,1,54481_162495_1,54481_162495
2708,person,0.9664969,13,87,176,360,162495,54481,0.2553891184573003,0,54481_162495_0,54481_162495
2709,person,0.98535824,205,10,460,357,162652,54481,0.5078340220385675,1,54481_162652_1,54481_162652
2710,person,0.9767899,27,89,216,349,162652,54481,0.2820247933884297,0,54481_162652_0,54481_162652
2711,person,0.9911964,5,46,252,351,162809,54481,0.432363406795225,0,54481_162809_0,54481_162809
2712,person,0.97911376,0,34,250,355,162966,54481,0.4605716253443526,1,54481_162966_1,54481_162966
2713,horse,0.7865582,263,17,472,360,162966,54481,0.4114267676767677,0,54481_162966_0,54481_162966
2714,person,0.98442036,8,47,168,291,163123,54481,0.2240587695133149,2,54481_163123_2,54481_163123
2715,bowl,0.8138191,45,246,158,295,163123,54481,0.0317780073461891,0,54481_163123_0,54481_163123
2716,sink,0.5265684,43,299,353,356,163123,54481,0.1014118457300275,1,54481_163123_1,54481_163123
2717,person,0.8136076,120,97,271,350,163280,54481,0.2192550505050505,1,54481_163280_1,54481_163280
2718,person,0.6484118000000001,9,70,135,253,163280,54481,0.1323347107438016,0,54481_163280_0,54481_163280
2719,person,0.6789630999999999,405,184,481,324,163437,54481,0.0610651974288337,1,54481_163437_1,54481_163437
2720,person,0.66381925,256,178,351,320,163437,54481,0.0774219467401285,2,54481_163437_2,54481_163437
2721,person,0.6622929,229,181,309,350,163437,54481,0.0775941230486685,3,54481_163437_3,54481_163437
2722,person,0.5087237,316,187,410,286,163437,54481,0.0534090909090909,0,54481_163437_0,54481_163437
2723,person,0.7010415,228,180,310,349,163594,54481,0.0795339761248852,0,54481_163594_0,54481_163594
2724,person,0.6469686,129,179,301,350,163594,54481,0.1688016528925619,1,54481_163594_1,54481_163594
2725,person,0.5821559000000001,394,179,476,280,163751,54481,0.0475321395775941,0,54481_163751_0,54481_163751
2726,person,0.77410984,1,42,78,360,163908,54481,0.140530303030303,3,54481_163908_3,54481_163908
2727,person,0.76758283,206,180,287,346,163908,54481,0.0771694214876033,2,54481_163908_2,54481_163908
2728,person,0.5839286,432,161,482,259,163908,54481,0.0281221303948576,0,54481_163908_0,54481_163908
2729,person,0.508089,372,186,475,294,163908,54481,0.0638429752066115,1,54481_163908_1,54481_163908
2730,person,0.9950897,31,45,364,358,164065,54481,0.5981921487603306,0,54481_164065_0,54481_164065
2731,person,0.9467135,5,99,162,360,164222,54481,0.2351756198347107,6,54481_164222_6,54481_164222
2732,person,0.9043252,131,90,372,348,164222,54481,0.3568526170798898,9,54481_164222_9,54481_164222
2733,person,0.88458544,297,88,396,283,164222,54481,0.1107954545454545,2,54481_164222_2,54481_164222
2734,cup,0.82161766,373,226,438,297,164222,54481,0.0264864554637281,0,54481_164222_0,54481_164222
2735,person,0.76315904,359,22,484,295,164222,54481,0.1958505509641873,4,54481_164222_4,54481_164222
2736,person,0.7485586,308,48,478,268,164222,54481,0.2146464646464646,5,54481_164222_5,54481_164222
2737,person,0.655144,78,42,211,232,164222,54481,0.1450298438934802,3,54481_164222_3,54481_164222
2738,person,0.6070196,261,84,447,328,164222,54481,0.2604683195592287,8,54481_164222_8,54481_164222
2739,person,0.57777524,41,68,197,353,164222,54481,0.2551652892561984,7,54481_164222_7,54481_164222
2740,person,0.5006619999999999,387,13,479,220,164222,54481,0.109297520661157,1,54481_164222_1,54481_164222
2741,person,0.9910875,44,63,367,358,164379,54481,0.5468606519742883,0,54481_164379_0,54481_164379
2742,person,0.9769495,106,96,365,355,164536,54481,0.3849919651056015,4,54481_164536_4,54481_164536
2743,person,0.9167503,0,97,127,350,164536,54481,0.1844065656565656,1,54481_164536_1,54481_164536
2744,person,0.8823603999999999,288,81,475,297,164536,54481,0.2318181818181818,3,54481_164536_3,54481_164536
2745,person,0.7132805,345,25,478,321,164536,54481,0.225941230486685,2,54481_164536_2,54481_164536
2746,person,0.6448139,73,39,162,250,164536,54481,0.1077766299357208,0,54481_164536_0,54481_164536
2747,person,0.99400866,49,50,377,360,164693,54481,0.5835629017447199,0,54481_164693_0,54481_164693
2748,person,0.96785986,147,88,370,357,164850,54481,0.3442780073461892,5,54481_164850_5,54481_164850
2749,person,0.87118536,1,100,110,360,164850,54481,0.1626492194674013,2,54481_164850_2,54481_164850
2750,person,0.8413975,324,30,478,345,164850,54481,0.2784090909090909,4,54481_164850_4,54481_164850
2751,person,0.8005137,72,32,182,240,164850,54481,0.1313131313131313,0,54481_164850_0,54481_164850
2752,person,0.71541005,363,23,478,284,164850,54481,0.1722623966942148,3,54481_164850_3,54481_164850
2753,person,0.537316,300,106,457,264,164850,54481,0.1423668503213958,1,54481_164850_1,54481_164850
2754,person,0.8783731,157,86,420,360,165007,54481,0.4135789715335169,6,54481_165007_6,54481_165007
2755,person,0.84574366,343,69,455,225,165007,54481,0.1002754820936639,1,54481_165007_1,54481_165007
2756,person,0.8396191999999999,17,57,188,344,165007,54481,0.2816632231404958,5,54481_165007_5,54481_165007
2757,person,0.8331987,2,100,137,350,165007,54481,0.193698347107438,3,54481_165007_3,54481_165007
2758,person,0.8231096999999999,63,35,215,280,165007,54481,0.2137281910009182,4,54481_165007_4,54481_165007
2759,person,0.642831,233,72,395,275,165007,54481,0.1887396694214876,2,54481_165007_2,54481_165007
2760,person,0.5708842,384,18,477,191,165007,54481,0.0923381542699724,0,54481_165007_0,54481_165007
2761,person,0.9617316,121,45,432,359,165164,54481,0.5604568411386593,3,54481_165164_3,54481_165164
2762,person,0.947539,0,91,118,355,165164,54481,0.1787878787878788,1,54481_165164_1,54481_165164
2763,person,0.9102935,342,36,475,223,165164,54481,0.142739898989899,0,54481_165164_0,54481_165164
2764,person,0.7539102,68,33,236,301,165164,54481,0.2584022038567493,2,54481_165164_2,54481_165164
2765,person,0.9160339,160,52,352,347,165321,54481,0.325068870523416,5,54481_165321_5,54481_165321
2766,person,0.78559047,56,63,130,346,165321,54481,0.1201905417814508,4,54481_165321_4,54481_165321
2767,person,0.7757246,342,168,481,306,165321,54481,0.1100895316804407,3,54481_165321_3,54481_165321
2768,person,0.6701891,339,166,391,257,165321,54481,0.0271579430670339,1,54481_165321_1,54481_165321
2769,person,0.60806775,134,65,196,310,165321,54481,0.0871786042240587,2,54481_165321_2,54481_165321
2770,person,0.6082093000000001,298,178,348,260,165321,54481,0.0235307621671258,0,54481_165321_0,54481_165321
2771,person,0.9636923,17,32,171,357,165478,54481,0.2872474747474747,5,54481_165478_5,54481_165478
2772,person,0.88192075,215,179,319,354,165478,54481,0.1044536271808999,2,54481_165478_2,54481_165478
2773,person,0.84570694,331,179,476,340,165478,54481,0.1339818640955004,4,54481_165478_4,54481_165478
2774,person,0.78093785,143,59,235,296,165478,54481,0.1251377410468319,3,54481_165478_3,54481_165478
2775,person,0.5908545999999999,350,169,403,265,165478,54481,0.0292011019283746,1,54481_165478_1,54481_165478
2776,person,0.56443995,306,182,358,272,165478,54481,0.0268595041322314,0,54481_165478_0,54481_165478
2777,person,0.9856171,16,31,470,359,165635,54481,0.8546372819100092,0,54481_165635_0,54481_165635
